0.017157	0.000000
0.133756	0.000000
0.380139	0.000000
0.520206	0.000000
0.622142	0.000000
0.767184	0.000000
0.923432	0.000000
0.917240	0.000000
0.922486	0.000000
1.024101	0.000000
1.039153	0.000000
0.968524	0.000000
0.808910	0.000000
0.771153	0.000000
0.672058	0.000000
0.465677	0.000000
0.316654	0.000000
0.104557	0.000000
0.024794	0.000000
-0.206169	0.000000
-0.319982	0.000000
-0.581736	0.000000
-0.653589	0.000000
-0.786931	0.000000
-0.810177	0.000000
-1.008087	0.000000
-0.966073	0.000000
-1.053995	0.000000
-0.944391	0.000000
-0.979403	0.000000
-0.802290	0.000000
-0.823242	0.000000
-0.564800	0.000000
-0.518337	0.000000
-0.276700	0.000000
-0.123137	0.000000
0.042584	0.000000
0.214762	0.000000
0.422056	0.000000
0.508158	0.000000
0.663575	0.000000
0.821527	0.000000
0.888174	0.000000
0.911445	0.000000
0.938582	0.000000
1.030497	0.000000
1.018831	0.000000
0.859663	0.000000
0.827275	0.000000
0.741377	0.000000
0.623491	0.000000
0.408165	0.000000
0.320151	0.000000
0.088639	0.000000
-0.018866	0.000000
-0.246386	0.000000
-0.356401	0.000000
-0.622685	0.000000
-0.666253	0.000000
-0.835567	0.000000
-0.862629	0.000000
-1.003361	0.000000
-0.990180	0.000000
-1.035239	0.000000
-0.909964	0.000000
-0.982682	0.000000
-0.803392	0.000000
-0.772128	0.000000
-0.511057	0.000000
-0.461358	0.000000
-0.237325	0.000000
-0.139728	0.000000
0.090280	0.000000
0.231723	0.000000
0.457726	0.000000
0.535019	0.000000
0.669806	0.000000
0.827482	0.000000
0.954483	0.000000
0.974536	0.000000
0.983810	0.000000
0.978896	0.000000
1.011982	0.000000
0.883114	0.000000
0.799069	0.000000
0.716256	0.000000
0.609318	0.000000
0.372294	0.000000
0.265983	0.000000
0.079661	0.000000
-0.045821	0.000000
-0.316212	0.000000
-0.404410	0.000000
-0.614894	0.000000
-0.701030	0.000000
-0.821313	0.000000
-0.835176	0.000000
-1.056813	0.000000
-0.959451	0.000000
-0.976082	0.000000
-0.865991	0.000000
-0.960694	0.000000
-0.799711	0.000000
-0.687992	0.000000
-0.480436	0.000000
-0.427391	0.000000
-0.179513	0.000000
-0.072021	0.000000
0.155714	0.000000
0.272415	0.000000
0.522304	0.000000
0.583874	0.000000
0.724164	0.000000
0.841515	0.000000
1.006555	0.000000
0.939411	0.000000
0.965174	0.000000
1.001397	0.000000
0.968500	0.000000
0.848145	0.000000
0.756786	0.000000
0.690528	0.000000
0.571704	0.000000
0.358778	0.000000
0.235467	0.000000
0.009109	0.000000
-0.135355	0.000000
-0.299303	0.000000
-0.434840	0.000000
-0.698878	0.000000
-0.734372	0.000000
-0.854916	0.000000
-0.867997	0.000000
-1.055714	0.000000
-0.968508	0.000000
-1.002206	0.000000
-0.846657	0.000000
-0.958175	0.000000
-0.749389	0.000000
-0.684687	0.000000
-0.467801	0.000000
-0.381223	0.000000
-0.134290	0.000000
-0.024990	0.000000
0.156910	0.000000
0.303574	0.000000
0.520687	0.000000
0.604235	0.000000
0.720334	0.000000
0.882109	0.000000
0.986782	0.000000
0.957781	0.000000
0.997911	0.000000
1.001523	0.000000
1.015622	0.000000
0.844504	0.000000
0.748524	0.000000
0.635371	0.000000
0.553136	0.000000
0.337649	0.000000
0.188459	0.000000
0.027521	0.000000
-0.167791	0.000000
-0.371841	0.000000
-0.457144	0.000000
-0.728198	0.000000
-0.760902	0.000000
-0.856968	0.000000
-0.895801	0.000000
-1.076708	0.000000
-1.009597	0.000000
-0.996920	0.000000
-0.883640	0.000000
-0.917267	0.000000
-0.739197	0.000000
-0.667391	0.000000
-0.416351	0.000000
-0.377056	0.000000
-0.118440	0.000000
-0.014304	0.000000
0.193072	0.000000
0.354298	0.000000
0.579186	0.000000
0.617915	0.000000
0.757932	0.000000
0.867960	0.000000
0.989264	0.000000
0.961353	0.000000
0.984253	0.000000
1.028599	0.000000
0.956534	0.000000
0.839854	0.000000
0.694662	0.000000
0.655952	0.000000
0.494582	0.000000
0.292519	0.000000
0.131482	0.000000
-0.064186	0.000000
-0.182665	0.000000
-0.383833	0.000000
-0.496629	0.000000
-0.725647	0.000000
-0.797429	0.000000
-0.911489	0.000000
-0.897011	0.000000
-1.041570	0.000000
-0.955748	0.000000
-0.970847	0.000000
-0.864402	0.000000
-0.887160	0.000000
-0.721105	0.000000
-0.613137	0.000000
-0.418879	0.000000
-0.319987	0.000000
-0.084677	0.000000
0.004568	0.000000
0.228200	0.000000
0.403513	0.000000
0.569452	0.000000
0.646956	0.000000
0.784071	0.000000
0.921462	0.000000
1.014771	0.000000
0.990939	0.000000
0.996075	0.000000
0.986249	0.000000
0.935935	0.000000
0.783362	0.000000
0.700340	0.000000
0.545798	0.000000
0.483415	0.000000
0.194182	0.000000
0.116714	0.000000
-0.139382	0.000000
-0.218857	0.000000
-0.395348	0.000000
-0.558406	0.000000
-0.758530	0.000000
-0.799230	0.000000
-0.883409	0.000000
-0.910017	0.000000
-1.046522	0.000000
-0.972815	0.000000
-0.978613	0.000000
-0.881164	0.000000
-0.856658	0.000000
-0.677333	0.000000
-0.586328	0.000000
-0.393857	0.000000
-0.264858	0.000000
-0.042912	0.000000
0.061327	0.000000
0.279209	0.000000
0.408047	0.000000
0.598196	0.000000
0.677201	0.000000
0.794796	0.000000
0.961884	0.000000
1.034629	0.000000
0.996580	0.000000
0.933507	0.000000
0.978668	0.000000
0.934710	0.000000
0.802350	0.000000
0.642360	0.000000
0.536832	0.000000
0.395558	0.000000
0.215555	0.000000
0.060666	0.000000
-0.120741	0.000000
-0.239663	0.000000
-0.511998	0.000000
-0.581107	0.000000
-0.795481	0.000000
-0.814226	0.000000
-0.930228	0.000000
-0.882687	0.000000
-1.037002	0.000000
-0.988983	0.000000
-1.011829	0.000000
-0.805161	0.000000
-0.842045	0.000000
-0.624657	0.000000
-0.558975	0.000000
-0.373024	0.000000
-0.207430	0.000000
0.032585	0.000000
0.161456	0.000000
0.320332	0.000000
0.461469	0.000000
0.687050	0.000000
0.719808	0.000000
0.829858	0.000000
0.922719	0.000000
1.013198	0.000000
0.995748	0.000000
0.988152	0.000000
0.942597	0.000000
0.923789	0.000000
0.779123	0.000000
0.686030	0.000000
0.504121	0.000000
0.400888	0.000000
0.155803	0.000000
0.030781	0.000000
-0.180846	0.000000
-0.315491	0.000000
-0.521581	0.000000
-0.574503	0.000000
-0.792129	0.000000
-0.835247	0.000000
-0.954019	0.000000
-0.901635	0.000000
-1.097403	0.000000
-0.972476	0.000000
-0.966233	0.000000
-0.805628	0.000000
-0.802930	0.000000
-0.632547	0.000000
-0.531625	0.000000
-0.280404	0.000000
-0.234706	0.000000
0.067033	0.000000
0.178638	0.000000
0.352527	0.000000
0.495917	0.000000
0.679022	0.000000
0.743276	0.000000
0.833245	0.000000
0.941322	0.000000
1.029035	0.000000
0.979556	0.000000
0.927854	0.000000
0.910596	0.000000
0.898687	0.000000
0.718915	0.000000
0.590040	0.000000
0.481808	0.000000
0.388772	0.000000
0.143319	0.000000
0.005072	0.000000
-0.252403	0.000000
-0.322526	0.000000
-0.525364	0.000000
-0.593815	0.000000
-0.874257	0.000000
-0.862245	0.000000
-0.984258	0.000000
-0.877377	0.000000
-1.096228	0.000000
-0.936101	0.000000
-0.943408	0.000000
-0.809118	0.000000
-0.786639	0.000000
-0.568913	0.000000
-0.464013	0.000000
-0.263910	0.000000
-0.163801	0.000000
0.079702	0.000000
0.189504	0.000000
0.350638	0.000000
0.500314	0.000000
0.722043	0.000000
0.752903	0.000000
0.855861	0.000000
0.982650	0.000000
1.006750	0.000000
0.979373	0.000000
0.953424	0.000000
0.910956	0.000000
0.856981	0.000000
0.709518	0.000000
0.595419	0.000000
0.428990	0.000000
0.320281	0.000000
0.100188	0.000000
-0.040179	0.000000
-0.243202	0.000000
-0.401379	0.000000
-0.598962	0.000000
-0.630441	0.000000
-0.858891	0.000000
-0.872873	0.000000
-0.984094	0.000000
-0.947361	0.000000
-1.101403	0.000000
-0.910407	0.000000
-0.943230	0.000000
-0.762651	0.000000
-0.773626	0.000000
-0.524656	0.000000
-0.452140	0.000000
-0.251051	0.000000
-0.123050	0.000000
0.135997	0.000000
0.255586	0.000000
0.442308	0.000000
0.567248	0.000000
0.708622	0.000000
0.805904	0.000000
0.875612	0.000000
1.024616	0.000000
1.052739	0.000000
0.998473	0.000000
0.937082	0.000000
0.883390	0.000000
0.806984	0.000000
0.670683	0.000000
0.550695	0.000000
0.408653	0.000000
0.284692	0.000000
0.062453	0.000000
-0.075565	0.000000
-0.285319	0.000000
-0.391404	0.000000
-0.604155	0.000000
-0.663931	0.000000
-0.914280	0.000000
-0.910939	0.000000
-0.991528	0.000000
-0.929890	0.000000
-1.053238	0.000000
-0.984310	0.000000
-0.911368	0.000000
-0.730176	0.000000
-0.771772	0.000000
-0.536309	0.000000
-0.401795	0.000000
-0.220177	0.000000
-0.138397	0.000000
0.138815	0.000000
0.259556	0.000000
0.483378	0.000000
0.622524	0.000000
0.782073	0.000000
0.819059	0.000000
0.907641	0.000000
0.988825	0.000000
1.025320	0.000000
0.956454	0.000000
0.945096	0.000000
0.910252	0.000000
0.805523	0.000000
0.659816	0.000000
0.492814	0.000000
0.371796	0.000000
0.230925	0.000000
0.054225	0.000000
-0.090159	0.000000
-0.367800	0.000000
-0.453238	0.000000
-0.645845	0.000000
-0.681109	0.000000
-0.893475	0.000000
-0.951780	0.000000
-1.033852	0.000000
-0.955301	0.000000
-1.023534	0.000000
-0.947654	0.000000
-0.918477	0.000000
-0.744161	0.000000
-0.711863	0.000000
-0.486013	0.000000
-0.412030	0.000000
-0.200430	0.000000
-0.050108	0.000000
0.224625	0.000000
0.285732	0.000000
0.444892	0.000000
0.649980	0.000000
0.803844	0.000000
0.826070	0.000000
0.924134	0.000000
0.992635	0.000000
1.024683	0.000000
0.950667	0.000000
0.931300	0.000000
0.857774	0.000000
0.801388	0.000000
0.638874	0.000000
0.491318	0.000000
0.331658	0.000000
0.202759	0.000000
-0.019094	0.000000
-0.141661	0.000000
-0.367111	0.000000
-0.493942	0.000000
-0.657522	0.000000
-0.696297	0.000000
-0.970651	0.000000
-0.904981	0.000000
-1.029092	0.000000
-0.924632	0.000000
-1.051524	0.000000
-0.923803	0.000000
-0.882013	0.000000
-0.696519	0.000000
-0.650741	0.000000
-0.437084	0.000000
-0.393246	0.000000
-0.146078	0.000000
-0.020891	0.000000
0.229860	0.000000
0.349592	0.000000
0.496970	0.000000
0.648200	0.000000
0.840108	0.000000
0.867379	0.000000
0.932983	0.000000
0.986353	0.000000
1.013046	0.000000
0.964915	0.000000
0.908872	0.000000
0.843978	0.000000
0.770551	0.000000
0.631666	0.000000
0.471431	0.000000
0.288574	0.000000
0.165976	0.000000
-0.068548	0.000000
-0.137229	0.000000
-0.427066	0.000000
-0.499519	0.000000
-0.743393	0.000000
-0.721371	0.000000
-0.984718	0.000000
-0.910198	0.000000
-0.998030	0.000000
-0.928078	0.000000
-1.012064	0.000000
-0.897757	0.000000
-0.873419	0.000000
-0.631437	0.000000
-0.642670	0.000000
-0.389897	0.000000
-0.306927	0.000000
-0.095041	0.000000
0.024428	0.000000
0.266726	0.000000
0.339610	0.000000
0.550817	0.000000
0.702772	0.000000
0.894544	0.000000
0.886534	0.000000
0.914846	0.000000
1.000419	0.000000
1.052515	0.000000
0.994285	0.000000
0.860047	0.000000
0.827967	0.000000
0.728159	0.000000
0.579174	0.000000
0.433323	0.000000
0.263787	0.000000
0.137912	0.000000
-0.103454	0.000000
-0.252327	0.000000
-0.429615	0.000000
-0.523605	0.000000
-0.746831	0.000000
-0.743285	0.000000
-0.986288	0.000000
-0.954223	0.000000
-1.033052	0.000000
-0.931945	0.000000
-1.052703	0.000000
-0.860232	0.000000
-0.821041	0.000000
-0.661527	0.000000
-0.621441	0.000000
-0.387154	0.000000
-0.268052	0.000000
-0.076294	0.000000
0.069262	0.000000
0.348966	0.000000
0.416932	0.000000
0.576630	0.000000
0.721040	0.000000
0.847146	0.000000
0.882947	0.000000
0.935721	0.000000
1.019363	0.000000
1.065705	0.000000
0.958091	0.000000
0.894736	0.000000
0.801632	0.000000
0.741460	0.000000
0.515318	0.000000
0.376195	0.000000
0.192586	0.000000
0.085643	0.000000
-0.170564	0.000000
-0.223592	0.000000
-0.506234	0.000000
-0.578969	0.000000
-0.750061	0.000000
-0.790259	0.000000
-0.997704	0.000000
-0.963702	0.000000
-1.031102	0.000000
-0.946017	0.000000
-1.036893	0.000000
-0.859527	0.000000
-0.835341	0.000000
-0.617471	0.000000
-0.576261	0.000000
-0.347976	0.000000
-0.245706	0.000000
0.001186	0.000000
0.137360	0.000000
0.348917	0.000000
0.436916	0.000000
0.572551	0.000000
0.746151	0.000000
0.858710	0.000000
0.891353	0.000000
0.937289	0.000000
1.042610	0.000000
1.043934	0.000000
0.876225	0.000000
0.817971	0.000000
0.775450	0.000000
0.688354	0.000000
0.484592	0.000000
0.343119	0.000000
0.184176	0.000000
-0.004093	0.000000
-0.202004	0.000000
-0.353094	0.000000
-0.532430	0.000000
-0.600132	0.000000
-0.784896	0.000000
-0.820995	0.000000
-1.009903	0.000000
-0.980202	0.000000
-1.005211	0.000000
-0.929596	0.000000
-1.022922	0.000000
-0.826721	0.000000
-0.776634	0.000000
-0.548950	0.000000
-0.522170	0.000000
-0.302601	0.000000
-0.195184	0.000000
0.019294	0.000000
0.178833	0.000000
0.377832	0.000000
0.451642	0.000000
0.612525	0.000000
0.753778	0.000000
0.898400	0.000000
0.897971	0.000000
0.966598	0.000000
1.018956	0.000000
1.031943	0.000000
0.896111	0.000000
0.830902	0.000000
0.745462	0.000000
0.678406	0.000000
0.461970	0.000000
0.334046	0.000000
0.127261	0.000000
-0.012803	0.000000
-0.227459	0.000000
-0.366733	0.000000
-0.553934	0.000000
-0.624121	0.000000
-0.786915	0.000000
-0.789977	0.000000
-0.984471	0.000000
-0.950778	0.000000
-1.035457	0.000000
-0.944904	0.000000
-1.018147	0.000000
-0.825830	0.000000
-0.788428	0.000000
-0.553822	0.000000
-0.492546	0.000000
-0.246065	0.000000
-0.133695	0.000000
0.051767	0.000000
0.155806	0.000000
0.419394	0.000000
0.494140	0.000000
0.657892	0.000000
0.778675	0.000000
0.924004	0.000000
0.928527	0.000000
0.986171	0.000000
1.011507	0.000000
1.010408	0.000000
0.903997	0.000000
0.805140	0.000000
0.773404	0.000000
0.642846	0.000000
0.446046	0.000000
0.287217	0.000000
0.082884	0.000000
-0.025056	0.000000
-0.286799	0.000000
-0.344003	0.000000
-0.585402	0.000000
-0.678519	0.000000
-0.824802	0.000000
-0.823714	0.000000
-1.011334	0.000000
-0.944725	0.000000
-0.998103	0.000000
-0.885129	0.000000
-0.999324	0.000000
-0.801745	0.000000
-0.736107	0.000000
-0.554506	0.000000
-0.474761	0.000000
-0.221115	0.000000
-0.148054	0.000000
0.088701	0.000000
0.259567	0.000000
0.501673	0.000000
0.544615	0.000000
0.672913	0.000000
0.828454	0.000000
0.986108	0.000000
0.947788	0.000000
0.993761	0.000000
0.998948	0.000000
0.997731	0.000000
0.908965	0.000000
0.789381	0.000000
0.672854	0.000000
0.596025	0.000000
0.369553	0.000000
0.233951	0.000000
0.086058	0.000000
-0.077853	0.000000
-0.300022	0.000000
-0.389281	0.000000
-0.634535	0.000000
-0.705918	0.000000
-0.875975	0.000000
-0.831499	0.000000
-1.031565	0.000000
-0.960488	0.000000
-1.012672	0.000000
-0.867860	0.000000
-0.991478	0.000000
-0.800124	0.000000
-0.696847	0.000000
-0.483419	0.000000
-0.469141	0.000000
-0.180762	0.000000
-0.093671	0.000000
0.113155	0.000000
0.305279	0.000000
0.505581	0.000000
0.567909	0.000000
0.685016	0.000000
0.873723	0.000000
0.973136	0.000000
0.955307	0.000000
0.985385	0.000000
0.984724	0.000000
0.980837	0.000000
0.877272	0.000000
0.762119	0.000000
0.659416	0.000000
0.580644	0.000000
0.343130	0.000000
0.233640	0.000000
0.038187	0.000000
-0.097591	0.000000
-0.325742	0.000000
-0.425945	0.000000
-0.699317	0.000000
-0.751558	0.000000
-0.869677	0.000000
-0.836620	0.000000
-1.043197	0.000000
-0.975694	0.000000
-0.998239	0.000000
-0.850285	0.000000
-0.935475	0.000000
-0.740966	0.000000
-0.676747	0.000000
-0.438341	0.000000
-0.413307	0.000000
-0.168194	0.000000
-0.039617	0.000000
0.167163	0.000000
0.326460	0.000000
0.519914	0.000000
0.599636	0.000000
0.751047	0.000000
0.878508	0.000000
1.003704	0.000000
0.987762	0.000000
0.926239	0.000000
1.016377	0.000000
0.968670	0.000000
0.835814	0.000000
0.742843	0.000000
0.639611	0.000000
0.512405	0.000000
0.302913	0.000000
0.192077	0.000000
-0.038659	0.000000
-0.185829	0.000000
-0.412055	0.000000
-0.456056	0.000000
-0.701292	0.000000
-0.728680	0.000000
-0.891974	0.000000
-0.876964	0.000000
-1.046657	0.000000
-1.005490	0.000000
-0.996575	0.000000
-0.856305	0.000000
-0.917812	0.000000
-0.724432	0.000000
-0.628698	0.000000
-0.439643	0.000000
-0.386135	0.000000
-0.130081	0.000000
-0.030017	0.000000
0.187501	0.000000
0.386664	0.000000
0.569278	0.000000
0.632214	0.000000
0.753857	0.000000
0.909461	0.000000
0.980983	0.000000
0.937213	0.000000
0.985117	0.000000
0.988234	0.000000
0.999884	0.000000
0.839513	0.000000
0.708283	0.000000
0.594192	0.000000
0.522661	0.000000
0.298147	0.000000
0.128895	0.000000
-0.061071	0.000000
-0.213791	0.000000
-0.402858	0.000000
-0.468532	0.000000
-0.719067	0.000000
-0.795351	0.000000
-0.879590	0.000000
-0.835392	0.000000
-1.054536	0.000000
-0.968458	0.000000
-0.992875	0.000000
-0.854801	0.000000
-0.909457	0.000000
-0.722574	0.000000
-0.620709	0.000000
-0.401603	0.000000
-0.340791	0.000000
-0.126228	0.000000
0.055139	0.000000
0.251661	0.000000
0.413444	0.000000
0.605854	0.000000
0.685572	0.000000
0.772683	0.000000
0.930763	0.000000
1.020713	0.000000
0.965644	0.000000
0.945226	0.000000
0.961795	0.000000
0.960100	0.000000
0.812137	0.000000
0.685796	0.000000
0.587677	0.000000
0.481388	0.000000
0.252109	0.000000
0.126858	0.000000
-0.123355	0.000000
-0.236109	0.000000
-0.416983	0.000000
-0.533608	0.000000
-0.764085	0.000000
-0.806134	0.000000
-0.908538	0.000000
-0.916757	0.000000
-1.065957	0.000000
-0.943070	0.000000
-0.990001	0.000000
-0.839626	0.000000
-0.895191	0.000000
-0.667998	0.000000
-0.619432	0.000000
-0.375712	0.000000
-0.269511	0.000000
-0.014126	0.000000
0.103062	0.000000
0.293589	0.000000
0.427096	0.000000
0.628212	0.000000
0.699582	0.000000
0.803986	0.000000
0.922929	0.000000
1.047586	0.000000
0.967913	0.000000
0.954600	0.000000
1.014219	0.000000
0.922165	0.000000
0.824225	0.000000
0.680846	0.000000
0.561398	0.000000
0.460117	0.000000
0.194131	0.000000
0.090928	0.000000
-0.144001	0.000000
-0.226871	0.000000
-0.464270	0.000000
-0.567354	0.000000
-0.756115	0.000000
-0.814108	0.000000
-0.954139	0.000000
-0.893774	0.000000
-1.048736	0.000000
-0.994422	0.000000
-0.965195	0.000000
-0.829897	0.000000
-0.864962	0.000000
-0.664510	0.000000
-0.547363	0.000000
-0.365636	0.000000
-0.204785	0.000000
0.004349	0.000000
0.145112	0.000000
0.293344	0.000000
0.443008	0.000000
0.652791	0.000000
0.720330	0.000000
0.821224	0.000000
0.977243	0.000000
1.009504	0.000000
0.975306	0.000000
1.017260	0.000000
0.938809	0.000000
0.963200	0.000000
0.750606	0.000000
0.633924	0.000000
0.461890	0.000000
0.390775	0.000000
0.151005	0.000000
0.020126	0.000000
-0.190759	0.000000
-0.298949	0.000000
-0.516435	0.000000
-0.577937	0.000000
-0.829196	0.000000
-0.874660	0.000000
-0.975661	0.000000
-0.899665	0.000000
-1.058227	0.000000
-0.955126	0.000000
-0.966314	0.000000
-0.825545	0.000000
-0.839717	0.000000
-0.660759	0.000000
-0.505575	0.000000
-0.311917	0.000000
-0.195810	0.000000
0.054306	0.000000
0.170482	0.000000
0.331911	0.000000
0.461530	0.000000
0.651072	0.000000
0.761482	0.000000
0.853947	0.000000
0.960250	0.000000
1.030609	0.000000
0.972668	0.000000
0.902468	0.000000
0.951268	0.000000
0.930652	0.000000
0.738974	0.000000
0.664158	0.000000
0.476141	0.000000
0.400541	0.000000
0.148965	0.000000
-0.005716	0.000000
-0.247660	0.000000
-0.320779	0.000000
-0.544283	0.000000
-0.602879	0.000000
-0.836711	0.000000
-0.927124	0.000000
-0.982838	0.000000
-0.911980	0.000000
-1.084780	0.000000
-0.968668	0.000000
-0.949125	0.000000
-0.757641	0.000000
-0.790102	0.000000
-0.583792	0.000000
-0.507053	0.000000
-0.281807	0.000000
-0.161857	0.000000
0.060761	0.000000
0.226065	0.000000
0.348109	0.000000
0.555788	0.000000
0.713086	0.000000
0.784035	0.000000
0.833947	0.000000
0.945277	0.000000
1.056431	0.000000
0.978534	0.000000
0.933457	0.000000
0.941064	0.000000
0.847555	0.000000
0.684790	0.000000
0.533135	0.000000
0.439642	0.000000
0.340143	0.000000
0.064856	0.000000
-0.024455	0.000000
-0.238443	0.000000
-0.360881	0.000000
-0.599104	0.000000
-0.641005	0.000000
-0.851343	0.000000
-0.885687	0.000000
-0.975940	0.000000
-0.927077	0.000000
-1.091241	0.000000
-0.908297	0.000000
-0.902702	0.000000
-0.784773	0.000000
-0.763669	0.000000
-0.570611	0.000000
-0.472915	0.000000
-0.248148	0.000000
-0.132180	0.000000
0.131920	0.000000
0.214732	0.000000
0.416148	0.000000
0.527993	0.000000
0.790591	0.000000
0.804168	0.000000
0.867496	0.000000
0.979914	0.000000
1.045597	0.000000
0.986297	0.000000
0.960930	0.000000
0.874876	0.000000
0.843947	0.000000
0.676489	0.000000
0.538924	0.000000
0.392157	0.000000
0.269501	0.000000
0.082147	0.000000
-0.066967	0.000000
-0.339452	0.000000
-0.439900	0.000000
-0.584211	0.000000
-0.685181	0.000000
-0.861742	0.000000
-0.918470	0.000000
-0.983284	0.000000
-0.899501	0.000000
-1.073467	0.000000
-0.911101	0.000000
-0.952738	0.000000
-0.747866	0.000000
-0.723774	0.000000
-0.506864	0.000000
-0.458433	0.000000
-0.195619	0.000000
-0.100588	0.000000
0.139747	0.000000
0.292973	0.000000
0.428165	0.000000
0.611104	0.000000
0.775490	0.000000
0.819870	0.000000
0.891589	0.000000
0.998313	0.000000
1.037650	0.000000
0.952397	0.000000
0.884038	0.000000
0.891347	0.000000
0.805982	0.000000
0.655170	0.000000
0.559052	0.000000
0.318443	0.000000
0.244978	0.000000
0.030997	0.000000
-0.107116	0.000000
-0.365535	0.000000
-0.426435	0.000000
-0.626388	0.000000
-0.680081	0.000000
-0.907732	0.000000
-0.884040	0.000000
-1.002282	0.000000
-0.943307	0.000000
-1.057373	0.000000
-0.902144	0.000000
-0.929439	0.000000
-0.704911	0.000000
-0.700970	0.000000
-0.491984	0.000000
-0.409382	0.000000
-0.181971	0.000000
-0.024273	0.000000
0.174984	0.000000
0.312341	0.000000
0.467489	0.000000
0.603824	0.000000
0.850695	0.000000
0.841199	0.000000
0.889956	0.000000
0.987060	0.000000
1.058512	0.000000
0.966325	0.000000
0.904136	0.000000
0.890953	0.000000
0.799674	0.000000
0.576751	0.000000
0.506535	0.000000
0.303914	0.000000
0.240961	0.000000
-0.034656	0.000000
-0.141790	0.000000
-0.405253	0.000000
-0.503693	0.000000
-0.709977	0.000000
-0.698006	0.000000
-0.931639	0.000000
-0.916103	0.000000
-1.004170	0.000000
-0.965639	0.000000
-1.020293	0.000000
-0.928522	0.000000
-0.877061	0.000000
-0.696419	0.000000
-0.705787	0.000000
-0.462816	0.000000
-0.373469	0.000000
-0.176758	0.000000
-0.001155	0.000000
0.223149	0.000000
0.345242	0.000000
0.535364	0.000000
0.645536	0.000000
0.847570	0.000000
0.829499	0.000000
0.931409	0.000000
0.995389	0.000000
1.059112	0.000000
0.968923	0.000000
0.935447	0.000000
0.907284	0.000000
0.819763	0.000000
0.561014	0.000000
0.486055	0.000000
0.270995	0.000000
0.175317	0.000000
-0.073298	0.000000
-0.179500	0.000000
-0.411959	0.000000
-0.525341	0.000000
-0.695252	0.000000
-0.748005	0.000000
-0.954129	0.000000
-0.937473	0.000000
-0.975881	0.000000
-0.949664	0.000000
-1.050664	0.000000
-0.894908	0.000000
-0.858105	0.000000
-0.680159	0.000000
-0.638309	0.000000
-0.449505	0.000000
-0.280690	0.000000
-0.128685	0.000000
0.057937	0.000000
0.289279	0.000000
0.413729	0.000000
0.538329	0.000000
0.655880	0.000000
0.873312	0.000000
0.916053	0.000000
0.909685	0.000000
0.993054	0.000000
1.076920	0.000000
0.959769	0.000000
0.891028	0.000000
0.862656	0.000000
0.749115	0.000000
0.533845	0.000000
0.428562	0.000000
0.195137	0.000000
0.147030	0.000000
-0.146002	0.000000
-0.242258	0.000000
-0.481513	0.000000
-0.528356	0.000000
-0.731007	0.000000
-0.753359	0.000000
-0.967732	0.000000
-0.964856	0.000000
-0.991275	0.000000
-0.928514	0.000000
-1.021141	0.000000
-0.875360	0.000000
-0.838440	0.000000
-0.646576	0.000000
-0.596133	0.000000
-0.384973	0.000000
-0.261122	0.000000
-0.025230	0.000000
0.072611	0.000000
0.321917	0.000000
0.374482	0.000000
0.559477	0.000000
0.741905	0.000000
0.872648	0.000000
0.893099	0.000000
0.912379	0.000000
1.020813	0.000000
1.053264	0.000000
0.922255	0.000000
0.855665	0.000000
0.791015	0.000000
0.707344	0.000000
0.505583	0.000000
0.386644	0.000000
0.175013	0.000000
0.098025	0.000000
-0.114400	0.000000
-0.234392	0.000000
-0.519747	0.000000
-0.591666	0.000000
-0.770423	0.000000
-0.746985	0.000000
-1.019859	0.000000
-0.926269	0.000000
-1.024098	0.000000
-0.893218	0.000000
-1.025677	0.000000
-0.828232	0.000000
-0.845770	0.000000
-0.615976	0.000000
-0.611314	0.000000
-0.317935	0.000000
-0.248216	0.000000
-0.012551	0.000000
0.135434	0.000000
0.338152	0.000000
0.423290	0.000000
0.597734	0.000000
0.719275	0.000000
0.906815	0.000000
0.887783	0.000000
0.956773	0.000000
0.999360	0.000000
1.015221	0.000000
0.939161	0.000000
0.887992	0.000000
0.794832	0.000000
0.698300	0.000000
0.470632	0.000000
0.354048	0.000000
0.166828	0.000000
0.045996	0.000000
-0.174163	0.000000
-0.324836	0.000000
-0.536112	0.000000
-0.618219	0.000000
-0.798007	0.000000
-0.781865	0.000000
-1.010068	0.000000
-0.929056	0.000000
-1.031663	0.000000
-0.892082	0.000000
-1.012801	0.000000
-0.843510	0.000000
-0.794276	0.000000
-0.559422	0.000000
-0.553116	0.000000
-0.283333	0.000000
-0.208480	0.000000
0.016788	0.000000
0.167061	0.000000
0.404506	0.000000
0.480084	0.000000
0.640247	0.000000
0.786550	0.000000
0.937856	0.000000
0.887259	0.000000
0.948013	0.000000
1.011691	0.000000
1.005560	0.000000
0.879208	0.000000
0.830906	0.000000
0.769469	0.000000
0.646078	0.000000
0.441144	0.000000
0.325459	0.000000
0.130056	0.000000
0.036774	0.000000
-0.244085	0.000000
-0.325380	0.000000
-0.556003	0.000000
-0.626349	0.000000
-0.812348	0.000000
-0.793105	0.000000
-1.013181	0.000000
-0.981095	0.000000
-1.047219	0.000000
-0.891419	0.000000
-1.021907	0.000000
-0.811737	0.000000
-0.758205	0.000000
-0.534458	0.000000
-0.517341	0.000000
-0.261374	0.000000
-0.138191	0.000000
0.074066	0.000000
0.208071	0.000000
0.430576	0.000000
0.536983	0.000000
0.615889	0.000000
0.802677	0.000000
0.932653	0.000000
0.897614	0.000000
0.939098	0.000000
1.016467	0.000000
1.041779	0.000000
0.885418	0.000000
0.848136	0.000000
0.709266	0.000000
0.637162	0.000000
0.427246	0.000000
0.284904	0.000000
0.078172	0.000000
-0.030595	0.000000
-0.282176	0.000000
-0.396730	0.000000
-0.606436	0.000000
-0.662980	0.000000
-0.846624	0.000000
-0.801005	0.000000
-1.019291	0.000000
-0.989837	0.000000
-1.013155	0.000000
-0.907424	0.000000
-0.991227	0.000000
-0.785479	0.000000
-0.727493	0.000000
-0.520555	0.000000
-0.458500	0.000000
-0.234892	0.000000
-0.140696	0.000000
0.083667	0.000000
0.238778	0.000000
0.427890	0.000000
0.525051	0.000000
0.655295	0.000000
0.859755	0.000000
0.959179	0.000000
0.926370	0.000000
0.959731	0.000000
1.023892	0.000000
1.008197	0.000000
0.866527	0.000000
0.774010	0.000000
0.705498	0.000000
0.604192	0.000000
0.407994	0.000000
0.250423	0.000000
0.028898	0.000000
-0.083003	0.000000
-0.250738	0.000000
-0.396872	0.000000
-0.655065	0.000000
-0.716085	0.000000
-0.865986	0.000000
-0.847578	0.000000
-1.019438	0.000000
-0.978085	0.000000
-1.026493	0.000000
-0.880493	0.000000
-0.958841	0.000000
-0.766678	0.000000
-0.723721	0.000000
-0.517993	0.000000
-0.420903	0.000000
-0.197525	0.000000
-0.076926	0.000000
0.164986	0.000000
0.258875	0.000000
0.501248	0.000000
0.618920	0.000000
0.707478	0.000000
0.822769	0.000000
0.974020	0.000000
0.963203	0.000000
0.957637	0.000000
1.014329	0.000000
1.003610	0.000000
0.863006	0.000000
0.776756	0.000000
0.689253	0.000000
0.577795	0.000000
0.340884	0.000000
0.215469	0.000000
-0.024331	0.000000
-0.111661	0.000000
-0.321341	0.000000
-0.432273	0.000000
-0.682239	0.000000
-0.733409	0.000000
-0.841756	0.000000
-0.850899	0.000000
-1.044797	0.000000
-0.974180	0.000000
-1.039668	0.000000
-0.880476	0.000000
-0.962800	0.000000
-0.745719	0.000000
-0.655913	0.000000
-0.475160	0.000000
-0.378867	0.000000
-0.150450	0.000000
-0.049202	0.000000
0.200360	0.000000
0.284778	0.000000
0.529878	0.000000
0.619128	0.000000
0.746263	0.000000
0.868749	0.000000
1.008430	0.000000
0.963438	0.000000
0.940040	0.000000
1.043931	0.000000
0.980686	0.000000
0.839161	0.000000
0.765621	0.000000
0.671040	0.000000
0.508138	0.000000
0.272243	0.000000
0.179732	0.000000
-0.038092	0.000000
-0.158765	0.000000
-0.356427	0.000000
-0.474254	0.000000
-0.699828	0.000000
-0.759336	0.000000
-0.907493	0.000000
-0.862707	0.000000
-1.061541	0.000000
-0.989438	0.000000
-0.997433	0.000000
-0.870361	0.000000
-0.925692	0.000000
-0.701529	0.000000
-0.651057	0.000000
-0.402064	0.000000
-0.381314	0.000000
-0.115007	0.000000
0.010990	0.000000
0.167780	0.000000
0.351571	0.000000
0.598805	0.000000
0.634115	0.000000
0.761793	0.000000
0.896831	0.000000
1.011605	0.000000
0.947806	0.000000
0.958524	0.000000
1.035409	0.000000
1.006018	0.000000
0.822046	0.000000
0.710319	0.000000
0.604208	0.000000
0.508581	0.000000
0.302371	0.000000
0.121976	0.000000
-0.068036	0.000000
-0.194620	0.000000
-0.390898	0.000000
-0.493201	0.000000
-0.713562	0.000000
-0.775535	0.000000
-0.936648	0.000000
-0.867866	0.000000
-1.055639	0.000000
-0.997343	0.000000
-0.981421	0.000000
-0.843958	0.000000
-0.873007	0.000000
-0.703940	0.000000
-0.617560	0.000000
-0.441408	0.000000
-0.294090	0.000000
-0.102907	0.000000
0.054485	0.000000
0.300479	0.000000
0.392031	0.000000
0.612754	0.000000
0.680325	0.000000
0.795203	0.000000
0.911043	0.000000
1.014107	0.000000
0.984354	0.000000
0.972963	0.000000
0.984053	0.000000
0.953415	0.000000
0.803532	0.000000
0.677463	0.000000
0.571523	0.000000
0.470191	0.000000
0.248839	0.000000
0.126518	0.000000
-0.093051	0.000000
-0.226281	0.000000
-0.433173	0.000000
-0.538935	0.000000
-0.734752	0.000000
-0.799663	0.000000
-0.957764	0.000000
-0.869584	0.000000
-1.061998	0.000000
-0.929146	0.000000
-1.020179	0.000000
-0.853461	0.000000
-0.905243	0.000000
-0.643381	0.000000
-0.590080	0.000000
-0.367363	0.000000
-0.260661	0.000000
-0.042767	0.000000
0.068062	0.000000
0.258976	0.000000
0.420381	0.000000
0.648611	0.000000
0.688411	0.000000
0.813512	0.000000
0.920981	0.000000
0.997996	0.000000
0.941791	0.000000
0.981167	0.000000
0.975674	0.000000
0.950508	0.000000
0.812266	0.000000
0.667649	0.000000
0.530105	0.000000
0.463505	0.000000
0.191985	0.000000
0.063608	0.000000
-0.162774	0.000000
-0.272667	0.000000
-0.454934	0.000000
-0.543908	0.000000
-0.778641	0.000000
-0.787708	0.000000
-0.936267	0.000000
-0.903249	0.000000
-1.068585	0.000000
-0.956842	0.000000
-0.990364	0.000000
-0.873492	0.000000
-0.841970	0.000000
-0.643511	0.000000
-0.565166	0.000000
-0.323660	0.000000
-0.275738	0.000000
0.002188	0.000000
0.154146	0.000000
0.331000	0.000000
0.456840	0.000000
0.643995	0.000000
0.706468	0.000000
0.806322	0.000000
0.941435	0.000000
1.070145	0.000000
0.936348	0.000000
0.993478	0.000000
0.953961	0.000000
0.930085	0.000000
0.781243	0.000000
0.659774	0.000000
0.485542	0.000000
0.368422	0.000000
0.166305	0.000000
0.075642	0.000000
-0.194260	0.000000
-0.317770	0.000000
-0.471631	0.000000
-0.623037	0.000000
-0.817217	0.000000
-0.813746	0.000000
-0.971163	0.000000
-0.934370	0.000000
-1.082511	0.000000
-0.986011	0.000000
-0.954485	0.000000
-0.786357	0.000000
-0.865690	0.000000
-0.615247	0.000000
-0.508049	0.000000
-0.296039	0.000000
-0.193677	0.000000
0.080044	0.000000
0.173010	0.000000
0.356745	0.000000
0.511851	0.000000
0.675061	0.000000
0.740877	0.000000
0.822228	0.000000
0.932605	0.000000
1.039640	0.000000
0.966395	0.000000
0.982146	0.000000
0.959063	0.000000
0.898807	0.000000
0.744817	0.000000
0.589446	0.000000
0.500277	0.000000
0.358443	0.000000
0.151859	0.000000
0.022090	0.000000
-0.257485	0.000000
-0.353701	0.000000
-0.540770	0.000000
-0.593857	0.000000
-0.817629	0.000000
-0.883876	0.000000
-0.926678	0.000000
-0.903286	0.000000
-1.054152	0.000000
-0.999107	0.000000
-0.929923	0.000000
-0.759842	0.000000
-0.814761	0.000000
-0.591905	0.000000
-0.491752	0.000000
-0.306414	0.000000
-0.181569	0.000000
0.082172	0.000000
0.177446	0.000000
0.371071	0.000000
0.531150	0.000000
0.716596	0.000000
0.785605	0.000000
0.849206	0.000000
0.992298	0.000000
1.045965	0.000000
0.970156	0.000000
0.944637	0.000000
0.915177	0.000000
0.879566	0.000000
0.689565	0.000000
0.594570	0.000000
0.441524	0.000000
0.322014	0.000000
0.080000	0.000000
-0.000075	0.000000
-0.274366	0.000000
-0.367214	0.000000
-0.564407	0.000000
-0.650163	0.000000
-0.869554	0.000000
-0.889847	0.000000
-1.001368	0.000000
-0.925134	0.000000
-1.095035	0.000000
-0.935222	0.000000
-0.940621	0.000000
-0.770569	0.000000
-0.791371	0.000000
-0.528126	0.000000
-0.445949	0.000000
-0.199434	0.000000
-0.125328	0.000000
0.130627	0.000000
0.246580	0.000000
0.368009	0.000000
0.582176	0.000000
0.760924	0.000000
0.813905	0.000000
0.852995	0.000000
0.996810	0.000000
1.017821	0.000000
0.959459	0.000000
0.923562	0.000000
0.954038	0.000000
0.875188	0.000000
0.657741	0.000000
0.564371	0.000000
0.390785	0.000000
0.265802	0.000000
0.074645	0.000000
-0.067562	0.000000
-0.295947	0.000000
-0.416110	0.000000
-0.633609	0.000000
-0.655608	0.000000
-0.895262	0.000000
-0.892443	0.000000
-0.993379	0.000000
-0.925851	0.000000
-1.029749	0.000000
-0.923769	0.000000
-0.930066	0.000000
-0.732132	0.000000
-0.723371	0.000000
-0.546557	0.000000
-0.418942	0.000000
-0.198110	0.000000
-0.088583	0.000000
0.149365	0.000000
0.257297	0.000000
0.490588	0.000000
0.602391	0.000000
0.784680	0.000000
0.819024	0.000000
0.892359	0.000000
1.016405	0.000000
1.050713	0.000000
0.965989	0.000000
0.875776	0.000000
0.888228	0.000000
0.844785	0.000000
0.609190	0.000000
0.525484	0.000000
0.365044	0.000000
0.267633	0.000000
-0.001183	0.000000
-0.077159	0.000000
-0.338332	0.000000
-0.469160	0.000000
-0.644574	0.000000
-0.692500	0.000000
-0.901791	0.000000
-0.933947	0.000000
-1.002737	0.000000
-0.923853	0.000000
-1.045003	0.000000
-0.911884	0.000000
-0.908662	0.000000
-0.709628	0.000000
-0.725357	0.000000
-0.522042	0.000000
-0.379444	0.000000
-0.148380	0.000000
-0.054618	0.000000
0.207150	0.000000
0.283398	0.000000
0.495131	0.000000
0.627048	0.000000
0.802832	0.000000
0.835221	0.000000
0.911778	0.000000
1.027527	0.000000
1.019430	0.000000
0.932526	0.000000
0.898611	0.000000
0.882788	0.000000
0.822539	0.000000
0.604531	0.000000
0.506265	0.000000
0.348480	0.000000
0.187971	0.000000
-0.044657	0.000000
-0.162697	0.000000
-0.402384	0.000000
-0.494254	0.000000
-0.661607	0.000000
-0.705316	0.000000
-0.977800	0.000000
-0.914824	0.000000
-0.986186	0.000000
-0.941697	0.000000
-1.044753	0.000000
-0.948083	0.000000
-0.923650	0.000000
-0.705610	0.000000
-0.650683	0.000000
-0.480107	0.000000
-0.339427	0.000000
-0.115658	0.000000
0.057814	0.000000
0.260243	0.000000
0.348630	0.000000
0.517994	0.000000
0.683488	0.000000
0.844625	0.000000
0.836606	0.000000
0.932213	0.000000
0.991532	0.000000
1.057072	0.000000
0.931776	0.000000
0.904584	0.000000
0.830811	0.000000
0.776103	0.000000
0.595809	0.000000
0.471998	0.000000
0.276292	0.000000
0.133560	0.000000
-0.066202	0.000000
-0.174204	0.000000
-0.437353	0.000000
-0.529283	0.000000
-0.697085	0.000000
-0.726227	0.000000
-0.935242	0.000000
-0.959764	0.000000
-1.047312	0.000000
-0.915349	0.000000
-1.028123	0.000000
-0.882087	0.000000
-0.828092	0.000000
-0.697308	0.000000
-0.651386	0.000000
-0.430113	0.000000
-0.319567	0.000000
-0.097960	0.000000
0.028554	0.000000
0.273717	0.000000
0.376469	0.000000
0.558977	0.000000
0.703930	0.000000
0.878347	0.000000
0.854999	0.000000
0.975710	0.000000
1.005962	0.000000
1.066321	0.000000
0.950930	0.000000
0.868920	0.000000
0.845374	0.000000
0.771686	0.000000
0.548971	0.000000
0.461815	0.000000
0.261837	0.000000
0.131453	0.000000
-0.121137	0.000000
-0.217818	0.000000
-0.461664	0.000000
-0.545079	0.000000
-0.792509	0.000000
-0.754775	0.000000
-1.006996	0.000000
-0.938369	0.000000
-1.065363	0.000000
-0.937886	0.000000
-1.030688	0.000000
-0.855602	0.000000
-0.883445	0.000000
-0.634028	0.000000
-0.605323	0.000000
-0.387198	0.000000
-0.288570	0.000000
-0.017684	0.000000
0.066215	0.000000
0.325996	0.000000
0.405007	0.000000
0.583547	0.000000
0.730421	0.000000
0.873255	0.000000
0.920708	0.000000
0.942014	0.000000
1.051071	0.000000
1.028320	0.000000
0.930119	0.000000
0.866283	0.000000
0.814644	0.000000
0.736087	0.000000
0.521976	0.000000
0.431235	0.000000
0.222856	0.000000
0.080964	0.000000
-0.164925	0.000000
-0.266070	0.000000
-0.471780	0.000000
-0.596677	0.000000
-0.774286	0.000000
-0.739604	0.000000
-1.021679	0.000000
-0.951929	0.000000
-1.019031	0.000000
-0.898458	0.000000
-0.988877	0.000000
-0.855416	0.000000
-0.799156	0.000000
-0.610175	0.000000
-0.599798	0.000000
-0.359636	0.000000
-0.227953	0.000000
-0.031932	0.000000
0.088710	0.000000
0.357916	0.000000
0.458354	0.000000
0.592478	0.000000
0.745372	0.000000
0.902596	0.000000
0.912857	0.000000
0.979077	0.000000
1.018208	0.000000
1.004348	0.000000
0.905218	0.000000
0.842369	0.000000
0.765981	0.000000
0.699742	0.000000
0.473116	0.000000
0.391262	0.000000
0.161569	0.000000
0.024571	0.000000
-0.190343	0.000000
-0.301788	0.000000
-0.575988	0.000000
-0.679262	0.000000
-0.751152	0.000000
-0.797444	0.000000
-1.026578	0.000000
-0.975569	0.000000
-1.035178	0.000000
-0.932101	0.000000
-1.054292	0.000000
-0.850857	0.000000
-0.775481	0.000000
-0.585428	0.000000
-0.527328	0.000000
-0.322486	0.000000
-0.195129	0.000000
-0.003123	0.000000
0.128017	0.000000
0.400363	0.000000
0.469251	0.000000
0.640389	0.000000
0.798614	0.000000
0.907483	0.000000
0.936770	0.000000
0.960389	0.000000
1.033137	0.000000
1.047766	0.000000
0.929553	0.000000
0.797614	0.000000
0.735998	0.000000
0.698079	0.000000
0.438704	0.000000
0.289245	0.000000
0.112089	0.000000
-0.003341	0.000000
-0.203041	0.000000
-0.329670	0.000000
-0.530463	0.000000
-0.634633	0.000000
-0.794802	0.000000
-0.832845	0.000000
-1.022741	0.000000
-0.999191	0.000000
-1.043290	0.000000
-0.885769	0.000000
-0.957084	0.000000
-0.804149	0.000000
-0.744111	0.000000
-0.540005	0.000000
-0.497016	0.000000
-0.268055	0.000000
-0.165571	0.000000
0.044435	0.000000
0.228298	0.000000
0.468641	0.000000
0.535513	0.000000
0.732637	0.000000
0.779041	0.000000
0.906709	0.000000
0.940687	0.000000
0.960578	0.000000
0.981639	0.000000
0.982123	0.000000
0.878460	0.000000
0.815953	0.000000
0.715603	0.000000
0.616037	0.000000
0.427410	0.000000
0.274602	0.000000
0.069892	0.000000
-0.024976	0.000000
-0.275900	0.000000
-0.353299	0.000000
-0.636069	0.000000
-0.686477	0.000000
-0.812085	0.000000
-0.840188	0.000000
-0.995077	0.000000
-0.944831	0.000000
-1.029203	0.000000
-0.921771	0.000000
-0.969220	0.000000
-0.806417	0.000000
-0.763750	0.000000
-0.528817	0.000000
-0.490282	0.000000
-0.216573	0.000000
-0.126454	0.000000
0.095522	0.000000
0.199182	0.000000
0.462470	0.000000
0.553726	0.000000
0.680669	0.000000
0.809227	0.000000
0.930005	0.000000
0.958789	0.000000
0.982248	0.000000
0.999458	0.000000
1.002189	0.000000
0.902888	0.000000
0.788505	0.000000
0.697628	0.000000
0.583471	0.000000
0.427641	0.000000
0.270143	0.000000
0.060342	0.000000
-0.047805	0.000000
-0.327166	0.000000
-0.407799	0.000000
-0.667465	0.000000
-0.699038	0.000000
-0.861138	0.000000
-0.858905	0.000000
-1.026933	0.000000
-0.973627	0.000000
-0.982383	0.000000
-0.912674	0.000000
-0.948085	0.000000
-0.769509	0.000000
-0.645581	0.000000
-0.492546	0.000000
-0.449280	0.000000
-0.187726	0.000000
-0.113229	0.000000
0.137452	0.000000
0.295466	0.000000
0.534497	0.000000
0.595942	0.000000
0.725303	0.000000
0.855453	0.000000
0.951903	0.000000
0.930538	0.000000
0.954029	0.000000
0.969470	0.000000
1.043540	0.000000
0.877342	0.000000
0.765661	0.000000
0.664116	0.000000
0.557693	0.000000
0.345885	0.000000
0.210527	0.000000
-0.007572	0.000000
-0.079845	0.000000
-0.352310	0.000000
-0.403371	0.000000
-0.696741	0.000000
-0.749992	0.000000
-0.870579	0.000000
-0.875957	0.000000
-1.022197	0.000000
-1.007609	0.000000
-1.023780	0.000000
-0.889011	0.000000
-0.946048	0.000000
-0.789168	0.000000
-0.696621	0.000000
-0.474239	0.000000
-0.424826	0.000000
-0.131700	0.000000
-0.029288	0.000000
0.151528	0.000000
0.337015	0.000000
0.557948	0.000000
0.588520	0.000000
0.717484	0.000000
0.831984	0.000000
0.992451	0.000000
0.937999	0.000000
0.990305	0.000000
0.993918	0.000000
0.925822	0.000000
0.859404	0.000000
0.743311	0.000000
0.636769	0.000000
0.556329	0.000000
0.306127	0.000000
0.186815	0.000000
-0.043737	0.000000
-0.126805	0.000000
-0.394262	0.000000
-0.459025	0.000000
-0.702040	0.000000
-0.751635	0.000000
-0.895802	0.000000
-0.881504	0.000000
-1.077611	0.000000
-0.980581	0.000000
-1.013859	0.000000
-0.847539	0.000000
-0.888513	0.000000
-0.739032	0.000000
-0.637502	0.000000
-0.415499	0.000000
-0.332459	0.000000
-0.108989	0.000000
0.027360	0.000000
0.214396	0.000000
0.389846	0.000000
0.553207	0.000000
0.654901	0.000000
0.739752	0.000000
0.873590	0.000000
1.004895	0.000000
0.979492	0.000000
0.934926	0.000000
0.992143	0.000000
0.954635	0.000000
0.825691	0.000000
0.706020	0.000000
0.597354	0.000000
0.524769	0.000000
0.279763	0.000000
0.162667	0.000000
-0.067184	0.000000
-0.179483	0.000000
-0.421997	0.000000
-0.459903	0.000000
-0.711538	0.000000
-0.764241	0.000000
-0.897510	0.000000
-0.874926	0.000000
-1.101907	0.000000
-0.992485	0.000000
-1.010953	0.000000
-0.827755	0.000000
-0.887973	0.000000
-0.680783	0.000000
-0.607429	0.000000
-0.432485	0.000000
-0.308420	0.000000
-0.075945	0.000000
0.029494	0.000000
0.223328	0.000000
0.374690	0.000000
0.596798	0.000000
0.664393	0.000000
0.824779	0.000000
0.916270	0.000000
1.000662	0.000000
0.997041	0.000000
0.965490	0.000000
1.042094	0.000000
0.921249	0.000000
0.784275	0.000000
0.680807	0.000000
0.572322	0.000000
0.432133	0.000000
0.216464	0.000000
0.131601	0.000000
-0.106444	0.000000
-0.209957	0.000000
-0.442431	0.000000
-0.537138	0.000000
-0.755895	0.000000
-0.825003	0.000000
-0.917206	0.000000
-0.913513	0.000000
-1.048958	0.000000
-0.984436	0.000000
-0.969880	0.000000
-0.822543	0.000000
-0.838536	0.000000
-0.661032	0.000000
-0.612887	0.000000
-0.378310	0.000000
-0.260858	0.000000
-0.055276	0.000000
0.103027	0.000000
0.271331	0.000000
0.420274	0.000000
0.636409	0.000000
0.690741	0.000000
0.812076	0.000000
0.871005	0.000000
1.023248	0.000000
0.980379	0.000000
0.974139	0.000000
0.991385	0.000000
0.917988	0.000000
0.766991	0.000000
0.625341	0.000000
0.584576	0.000000
0.494036	0.000000
0.155120	0.000000
0.059964	0.000000
-0.153307	0.000000
-0.290086	0.000000
-0.505283	0.000000
-0.573029	0.000000
-0.767615	0.000000
-0.782748	0.000000
-0.961089	0.000000
-0.892471	0.000000
-1.063055	0.000000
-0.962558	0.000000
-0.939286	0.000000
-0.839203	0.000000
-0.837336	0.000000
-0.640152	0.000000
-0.546315	0.000000
-0.343347	0.000000
-0.229364	0.000000
-0.000825	0.000000
0.113597	0.000000
0.296884	0.000000
0.508803	0.000000
0.690705	0.000000
0.680369	0.000000
0.844557	0.000000
0.915812	0.000000
1.032019	0.000000
0.987442	0.000000
0.941488	0.000000
0.961547	0.000000
0.908248	0.000000
0.724912	0.000000
0.646571	0.000000
0.494576	0.000000
0.390584	0.000000
0.206825	0.000000
0.037939	0.000000
-0.181914	0.000000
-0.286940	0.000000
-0.520848	0.000000
-0.598481	0.000000
-0.815856	0.000000
-0.819387	0.000000
-0.978880	0.000000
-0.907589	0.000000
-1.074314	0.000000
-0.962078	0.000000
-0.970050	0.000000
-0.799653	0.000000
-0.826024	0.000000
-0.617807	0.000000
-0.494563	0.000000
-0.335609	0.000000
-0.248623	0.000000
0.021341	0.000000
0.168908	0.000000
0.354534	0.000000
0.458350	0.000000
0.704742	0.000000
0.731195	0.000000
0.856336	0.000000
0.958359	0.000000
1.056715	0.000000
0.984809	0.000000
0.924400	0.000000
0.941678	0.000000
0.902843	0.000000
0.695430	0.000000
0.627584	0.000000
0.486004	0.000000
0.332886	0.000000
0.141967	0.000000
-0.008932	0.000000
-0.275372	0.000000
-0.354823	0.000000
-0.538387	0.000000
-0.669706	0.000000
-0.856277	0.000000
-0.847170	0.000000
-1.000063	0.000000
-0.918887	0.000000
-1.061919	0.000000
-0.929286	0.000000
-0.965494	0.000000
-0.798813	0.000000
-0.809659	0.000000
-0.562254	0.000000
-0.487149	0.000000
-0.292843	0.000000
-0.140418	0.000000
0.076174	0.000000
0.179612	0.000000
0.344114	0.000000
0.551039	0.000000
0.700742	0.000000
0.783558	0.000000
0.864794	0.000000
0.953457	0.000000
1.070956	0.000000
0.961979	0.000000
0.915480	0.000000
0.931661	0.000000
0.874270	0.000000
0.709397	0.000000
0.578174	0.000000
0.439277	0.000000
0.308946	0.000000
0.092636	0.000000
-0.046410	0.000000
-0.242231	0.000000
-0.390501	0.000000
-0.560627	0.000000
-0.645019	0.000000
-0.832600	0.000000
-0.904420	0.000000
-0.989220	0.000000
-0.955925	0.000000
-1.060797	0.000000
-0.896186	0.000000
-0.924138	0.000000
-0.753317	0.000000
-0.754665	0.000000
-0.539671	0.000000
-0.440181	0.000000
-0.240993	0.000000
-0.149993	0.000000
0.122876	0.000000
0.271442	0.000000
0.390688	0.000000
0.574649	0.000000
0.751412	0.000000
0.802701	0.000000
0.879323	0.000000
0.965527	0.000000
1.028999	0.000000
0.957519	0.000000
0.902922	0.000000
0.923177	0.000000
0.885475	0.000000
0.665688	0.000000
0.531664	0.000000
0.410860	0.000000
0.254768	0.000000
0.038974	0.000000
-0.056091	0.000000
-0.320772	0.000000
-0.396595	0.000000
-0.626788	0.000000
-0.681751	0.000000
-0.914938	0.000000
-0.893710	0.000000
-1.011940	0.000000
-0.899394	0.000000
-1.054890	0.000000
-0.961740	0.000000
-0.900654	0.000000
-0.741332	0.000000
-0.749702	0.000000
-0.518133	0.000000
-0.376501	0.000000
-0.210154	0.000000
-0.076510	0.000000
0.135522	0.000000
0.305646	0.000000
0.431911	0.000000
0.612646	0.000000
0.779204	0.000000
0.817175	0.000000
0.909729	0.000000
0.964752	0.000000
1.068668	0.000000
0.951849	0.000000
0.958668	0.000000
0.872684	0.000000
0.819148	0.000000
0.643907	0.000000
0.529886	0.000000
0.333592	0.000000
0.227863	0.000000
-0.006627	0.000000
-0.083349	0.000000
-0.340051	0.000000
-0.477857	0.000000
-0.649378	0.000000
-0.702633	0.000000
-0.944726	0.000000
-0.912300	0.000000
-0.988064	0.000000
-0.939273	0.000000
-1.033077	0.000000
-0.908862	0.000000
-0.927770	0.000000
-0.693049	0.000000
-0.722616	0.000000
-0.479226	0.000000
-0.357856	0.000000
-0.146760	0.000000
-0.032354	0.000000
0.197708	0.000000
0.294759	0.000000
0.521359	0.000000
0.641293	0.000000
0.825412	0.000000
0.823077	0.000000
0.882336	0.000000
1.006317	0.000000
1.057693	0.000000
0.934775	0.000000
0.907164	0.000000
0.872439	0.000000
0.797476	0.000000
0.629838	0.000000
0.488590	0.000000
0.325428	0.000000
0.193893	0.000000
-0.017654	0.000000
-0.141989	0.000000
-0.406252	0.000000
-0.451341	0.000000
-0.683112	0.000000
-0.725769	0.000000
-0.936990	0.000000
-0.907111	0.000000
-1.007645	0.000000
-0.923073	0.000000
-1.034517	0.000000
-0.917499	0.000000
-0.879436	0.000000
-0.703577	0.000000
-0.622027	0.000000
-0.456415	0.000000
-0.321998	0.000000
-0.165875	0.000000
0.015008	0.000000
0.252384	0.000000
0.352370	0.000000
0.476318	0.000000
0.649939	0.000000
0.828812	0.000000
0.870852	0.000000
0.923383	0.000000
1.005341	0.000000
1.074337	0.000000
0.984996	0.000000
0.886732	0.000000
0.846502	0.000000
0.758221	0.000000
0.585719	0.000000
0.476042	0.000000
0.249239	0.000000
0.136817	0.000000
-0.027951	0.000000
-0.189105	0.000000
-0.445931	0.000000
-0.490783	0.000000
-0.663919	0.000000
-0.761226	0.000000
-0.971999	0.000000
-0.928376	0.000000
-1.005923	0.000000
-0.939118	0.000000
-1.012617	0.000000
-0.893514	0.000000
-0.871476	0.000000
-0.687180	0.000000
-0.624664	0.000000
-0.383524	0.000000
-0.306484	0.000000
-0.075426	0.000000
0.026878	0.000000
0.271950	0.000000
0.416841	0.000000
0.566665	0.000000
0.689672	0.000000
0.886897	0.000000
0.863363	0.000000
0.909356	0.000000
1.019514	0.000000
1.048782	0.000000
0.917477	0.000000
0.878015	0.000000
0.831631	0.000000
0.770283	0.000000
0.582765	0.000000
0.443778	0.000000
0.230566	0.000000
0.119706	0.000000
-0.102434	0.000000
-0.232862	0.000000
-0.455029	0.000000
-0.543135	0.000000
-0.747769	0.000000
-0.779507	0.000000
-0.978234	0.000000
-0.948820	0.000000
-1.016435	0.000000
-0.925192	0.000000
-1.038919	0.000000
-0.915236	0.000000
-0.850859	0.000000
-0.638118	0.000000
-0.607531	0.000000
-0.392239	0.000000
-0.241277	0.000000
-0.105893	0.000000
0.069457	0.000000
0.332293	0.000000
0.415951	0.000000
0.566820	0.000000
0.727392	0.000000
0.877999	0.000000
0.909829	0.000000
0.918221	0.000000
1.032859	0.000000
1.044693	0.000000
0.908847	0.000000
0.855725	0.000000
0.777037	0.000000
0.722008	0.000000
0.523081	0.000000
0.374691	0.000000
0.183250	0.000000
0.080704	0.000000
-0.148762	0.000000
-0.281198	0.000000
-0.488853	0.000000
-0.617219	0.000000
-0.768927	0.000000
-0.780941	0.000000
-0.989846	0.000000
-0.942728	0.000000
-1.024463	0.000000
-0.911608	0.000000
-1.045882	0.000000
-0.873511	0.000000
-0.823525	0.000000
-0.597597	0.000000
-0.604651	0.000000
-0.326210	0.000000
-0.252200	0.000000
0.004102	0.000000
0.082233	0.000000
0.325657	0.000000
0.439401	0.000000
0.612286	0.000000
0.754146	0.000000
0.899994	0.000000
0.920540	0.000000
0.909114	0.000000
1.051986	0.000000
1.018590	0.000000
0.912107	0.000000
0.858724	0.000000
0.747796	0.000000
0.657236	0.000000
0.491351	0.000000
0.351173	0.000000
0.163079	0.000000
0.066046	0.000000
-0.183488	0.000000
-0.312402	0.000000
-0.504803	0.000000
-0.625432	0.000000
-0.761480	0.000000
-0.807626	0.000000
-0.986676	0.000000
-0.974719	0.000000
-0.991400	0.000000
-0.898120	0.000000
-0.988815	0.000000
-0.846065	0.000000
-0.792099	0.000000
-0.630201	0.000000
-0.569516	0.000000
-0.309391	0.000000
-0.170597	0.000000
0.028723	0.000000
0.188516	0.000000
0.404435	0.000000
0.500648	0.000000
0.613433	0.000000
0.728086	0.000000
0.964827	0.000000
0.941491	0.000000
0.923516	0.000000
1.004438	0.000000
1.031803	0.000000
0.905516	0.000000
0.821751	0.000000
0.763748	0.000000
0.625829	0.000000
0.433975	0.000000
0.331795	0.000000
0.111042	0.000000
-0.047396	0.000000
-0.252460	0.000000
-0.358886	0.000000
-0.583039	0.000000
-0.658489	0.000000
-0.800919	0.000000
-0.798878	0.000000
-1.015853	0.000000
-0.987591	0.000000
-1.012799	0.000000
-0.898396	0.000000
-0.973400	0.000000
-0.775873	0.000000
-0.804165	0.000000
-0.556339	0.000000
-0.547237	0.000000
-0.293844	0.000000
-0.168920	0.000000
0.085746	0.000000
0.200676	0.000000
0.385273	0.000000
0.525948	0.000000
0.672242	0.000000
0.804852	0.000000
0.897563	0.000000
0.957606	0.000000
0.953889	0.000000
1.032660	0.000000
0.982266	0.000000
0.884704	0.000000
0.828281	0.000000
0.716495	0.000000
0.611452	0.000000
0.394021	0.000000
0.314761	0.000000
0.050871	0.000000
-0.069409	0.000000
-0.250725	0.000000
-0.372139	0.000000
-0.594645	0.000000
-0.672850	0.000000
-0.855028	0.000000
-0.854191	0.000000
-1.041834	0.000000
-0.973682	0.000000
-0.997589	0.000000
-0.893697	0.000000
-0.964413	0.000000
-0.804564	0.000000
-0.747426	0.000000
-0.533416	0.000000
-0.481729	0.000000
-0.209211	0.000000
-0.111430	0.000000
0.079335	0.000000
0.261194	0.000000
0.449773	0.000000
0.538695	0.000000
0.699283	0.000000
0.816487	0.000000
0.978794	0.000000
0.929653	0.000000
0.978207	0.000000
0.979116	0.000000
1.007823	0.000000
0.905493	0.000000
0.802273	0.000000
0.688762	0.000000
0.595275	0.000000
0.378158	0.000000
0.244781	0.000000
0.046669	0.000000
-0.068496	0.000000
-0.278233	0.000000
-0.409860	0.000000
-0.625163	0.000000
-0.704179	0.000000
-0.843061	0.000000
-0.845557	0.000000
-1.061944	0.000000
-1.012363	0.000000
-1.021406	0.000000
-0.897777	0.000000
-0.968703	0.000000
-0.773505	0.000000
-0.719520	0.000000
-0.492702	0.000000
-0.388840	0.000000
-0.195810	0.000000
-0.056926	0.000000
0.163656	0.000000
0.284966	0.000000
0.503998	0.000000
0.573828	0.000000
0.702991	0.000000
0.863509	0.000000
0.955191	0.000000
0.966766	0.000000
0.999257	0.000000
1.003579	0.000000
0.982104	0.000000
0.857920	0.000000
0.755553	0.000000
0.688134	0.000000
0.581761	0.000000
0.342490	0.000000
0.206498	0.000000
0.006191	0.000000
-0.106678	0.000000
-0.321102	0.000000
-0.399219	0.000000
-0.667891	0.000000
-0.723914	0.000000
-0.891165	0.000000
-0.891774	0.000000
-1.071030	0.000000
-0.943795	0.000000
-0.995595	0.000000
-0.874205	0.000000
-0.927999	0.000000
-0.711130	0.000000
-0.649572	0.000000
-0.460654	0.000000
-0.386836	0.000000
-0.206884	0.000000
-0.032939	0.000000
0.132140	0.000000
0.331882	0.000000
0.550838	0.000000
0.596632	0.000000
0.744072	0.000000
0.917006	0.000000
0.964503	0.000000
0.961740	0.000000
0.966982	0.000000
1.006791	0.000000
1.038447	0.000000
0.829225	0.000000
0.745240	0.000000
0.643012	0.000000
0.522020	0.000000
0.324972	0.000000
0.189450	0.000000
-0.024875	0.000000
-0.175469	0.000000
-0.392736	0.000000
-0.480653	0.000000
-0.698048	0.000000
-0.743046	0.000000
-0.887467	0.000000
-0.885028	0.000000
-1.010133	0.000000
-0.936972	0.000000
-1.028347	0.000000
-0.854550	0.000000
-0.945491	0.000000
-0.717827	0.000000
-0.663115	0.000000
-0.419778	0.000000
-0.371125	0.000000
-0.128260	0.000000
0.009280	0.000000
0.211032	0.000000
0.357443	0.000000
0.591870	0.000000
0.611099	0.000000
0.781268	0.000000
0.877594	0.000000
0.979145	0.000000
1.013056	0.000000
1.017826	0.000000
1.015094	0.000000
0.948086	0.000000
0.824717	0.000000
0.692392	0.000000
0.610111	0.000000
0.525871	0.000000
0.336037	0.000000
0.154725	0.000000
-0.078640	0.000000
-0.205028	0.000000
-0.419174	0.000000
-0.527333	0.000000
-0.743155	0.000000
-0.800686	0.000000
-0.972454	0.000000
-0.891489	0.000000
-1.071927	0.000000
-0.996567	0.000000
-0.982716	0.000000
-0.851958	0.000000
-0.880041	0.000000
-0.688139	0.000000
-0.580248	0.000000
-0.382979	0.000000
-0.310775	0.000000
-0.052839	0.000000
0.073490	0.000000
0.262703	0.000000
0.424425	0.000000
0.622048	0.000000
0.677407	0.000000
0.755039	0.000000
0.928252	0.000000
1.023564	0.000000
0.992902	0.000000
0.938504	0.000000
1.011206	0.000000
0.939281	0.000000
0.817189	0.000000
0.672695	0.000000
0.544032	0.000000
0.456232	0.000000
0.257816	0.000000
0.059345	0.000000
-0.114706	0.000000
-0.247024	0.000000
-0.422648	0.000000
-0.464259	0.000000
-0.799875	0.000000
-0.816591	0.000000
-0.916673	0.000000
-0.879129	0.000000
-1.074767	0.000000
-0.938520	0.000000
-0.963207	0.000000
-0.803857	0.000000
-0.848157	0.000000
-0.663753	0.000000
-0.605489	0.000000
-0.383399	0.000000
-0.281183	0.000000
-0.043888	0.000000
0.121416	0.000000
0.286933	0.000000
0.419241	0.000000
0.637111	0.000000
0.692719	0.000000
0.784826	0.000000
0.903898	0.000000
1.055972	0.000000
0.986856	0.000000
0.988188	0.000000
0.966241	0.000000
0.931837	0.000000
0.740446	0.000000
0.633178	0.000000
0.521836	0.000000
0.412983	0.000000
0.217684	0.000000
0.021868	0.000000
-0.154289	0.000000
-0.274737	0.000000
-0.456492	0.000000
-0.593844	0.000000
-0.787505	0.000000
-0.801651	0.000000
-0.943414	0.000000
-0.918076	0.000000
-1.050384	0.000000
-0.964039	0.000000
-0.990338	0.000000
-0.836091	0.000000
-0.835909	0.000000
-0.657329	0.000000
-0.584518	0.000000
-0.343894	0.000000
-0.236125	0.000000
0.004836	0.000000
0.137750	0.000000
0.309183	0.000000
0.501100	0.000000
0.678016	0.000000
0.742009	0.000000
0.799246	0.000000
0.955525	0.000000
1.058428	0.000000
0.992928	0.000000
0.929877	0.000000
0.933897	0.000000
0.895919	0.000000
0.759964	0.000000
0.646055	0.000000
0.494087	0.000000
0.396903	0.000000
0.113053	0.000000
0.023721	0.000000
-0.235299	0.000000
-0.295655	0.000000
-0.516478	0.000000
-0.600422	0.000000
-0.798771	0.000000
-0.864939	0.000000
-0.960257	0.000000
-0.928061	0.000000
-1.055717	0.000000
-0.979128	0.000000
-0.974779	0.000000
-0.798245	0.000000
-0.805318	0.000000
-0.590356	0.000000
-0.542100	0.000000
-0.270446	0.000000
-0.191678	0.000000
0.028324	0.000000
0.168547	0.000000
0.369842	0.000000
0.522629	0.000000
0.690526	0.000000
0.746006	0.000000
0.845385	0.000000
0.964990	0.000000
1.024836	0.000000
1.000424	0.000000
0.927120	0.000000
0.942514	0.000000
0.877957	0.000000
0.714939	0.000000
0.628297	0.000000
0.480104	0.000000
0.332121	0.000000
0.129266	0.000000
-0.011248	0.000000
-0.253847	0.000000
-0.290515	0.000000
-0.556844	0.000000
-0.609652	0.000000
-0.860516	0.000000
-0.865026	0.000000
-0.965726	0.000000
-0.885475	0.000000
-1.074339	0.000000
-0.934442	0.000000
-0.963109	0.000000
-0.794997	0.000000
-0.789656	0.000000
-0.567141	0.000000
-0.490041	0.000000
-0.270002	0.000000
-0.140138	0.000000
0.099613	0.000000
0.167972	0.000000
0.360475	0.000000
0.546523	0.000000
0.722889	0.000000
0.782063	0.000000
0.846335	0.000000
0.981923	0.000000
1.050734	0.000000
0.982045	0.000000
0.950631	0.000000
0.874068	0.000000
0.889921	0.000000
0.723642	0.000000
0.576884	0.000000
0.450322	0.000000
0.318233	0.000000
0.116058	0.000000
-0.036580	0.000000
-0.280454	0.000000
-0.385480	0.000000
-0.554509	0.000000
-0.645930	0.000000
-0.844443	0.000000
-0.847966	0.000000
-0.958159	0.000000
-0.916968	0.000000
-1.071862	0.000000
-0.957770	0.000000
-0.942704	0.000000
-0.757901	0.000000
-0.761919	0.000000
-0.566211	0.000000
-0.459381	0.000000
-0.229585	0.000000
-0.153182	0.000000
0.139007	0.000000
0.216333	0.000000
0.430935	0.000000
0.574742	0.000000
0.747375	0.000000
0.834586	0.000000
0.843022	0.000000
0.998126	0.000000
1.056026	0.000000
0.980681	0.000000
0.926911	0.000000
0.903149	0.000000
0.836721	0.000000
0.638682	0.000000
0.541313	0.000000
0.394493	0.000000
0.283075	0.000000
0.068190	0.000000
-0.050625	0.000000
-0.326246	0.000000
-0.392277	0.000000
-0.625280	0.000000
-0.660794	0.000000
-0.868586	0.000000
-0.881616	0.000000
-0.982534	0.000000
-0.901615	0.000000
-1.052750	0.000000
-0.923702	0.000000
-0.935202	0.000000
-0.737649	0.000000
-0.712143	0.000000
-0.522706	0.000000
-0.433649	0.000000
-0.181688	0.000000
-0.102515	0.000000
0.127218	0.000000
0.273246	0.000000
0.447766	0.000000
0.617983	0.000000
0.799163	0.000000
0.782504	0.000000
0.879097	0.000000
0.985815	0.000000
1.035056	0.000000
0.950456	0.000000
0.938338	0.000000
0.926348	0.000000
0.793126	0.000000
0.672247	0.000000
0.503428	0.000000
0.329088	0.000000
0.239864	0.000000
0.010061	0.000000
-0.129612	0.000000
-0.383149	0.000000
-0.465208	0.000000
-0.680866	0.000000
-0.685224	0.000000
-0.907266	0.000000
-0.872556	0.000000
-0.992654	0.000000
-0.927909	0.000000
-1.039365	0.000000
-0.936903	0.000000
-0.895852	0.000000
-0.709311	0.000000
-0.699019	0.000000
-0.465210	0.000000
-0.385164	0.000000
-0.168447	0.000000
-0.047238	0.000000
0.193674	0.000000
0.358844	0.000000
0.520856	0.000000
0.641119	0.000000
0.768305	0.000000
0.834512	0.000000
0.894979	0.000000
0.973883	0.000000
1.027137	0.000000
0.979151	0.000000
0.907396	0.000000
0.850852	0.000000
0.800446	0.000000
0.583445	0.000000
0.491686	0.000000
0.300021	0.000000
0.192703	0.000000
-0.004613	0.000000
-0.162108	0.000000
-0.385949	0.000000
-0.509009	0.000000
-0.703098	0.000000
-0.711710	0.000000
-0.953024	0.000000
-0.917037	0.000000
-1.027446	0.000000
-0.921062	0.000000
-1.073076	0.000000
-0.888500	0.000000
-0.889391	0.000000
-0.708992	0.000000
-0.661883	0.000000
-0.436665	0.000000
-0.350661	0.000000
-0.130322	0.000000
-0.010900	0.000000
0.255202	0.000000
0.354814	0.000000
0.492429	0.000000
0.662727	0.000000
0.818131	0.000000
0.869301	0.000000
0.927252	0.000000
0.975549	0.000000
1.050144	0.000000
0.928966	0.000000
0.893848	0.000000
0.853689	0.000000
0.772111	0.000000
0.611710	0.000000
0.492991	0.000000
0.272863	0.000000
0.141990	0.000000
-0.122242	0.000000
-0.196425	0.000000
-0.424457	0.000000
-0.472445	0.000000
-0.678907	0.000000
-0.728015	0.000000
-0.967197	0.000000
-0.963444	0.000000
-1.006440	0.000000
-0.914740	0.000000
-1.069228	0.000000
-0.899334	0.000000
-0.872054	0.000000
-0.704288	0.000000
-0.654932	0.000000
-0.409440	0.000000
-0.299571	0.000000
-0.079884	0.000000
0.051731	0.000000
0.308854	0.000000
0.369268	0.000000
0.521017	0.000000
0.727567	0.000000
0.825721	0.000000
0.873059	0.000000
0.922290	0.000000
1.018890	0.000000
1.015068	0.000000
0.937500	0.000000
0.884684	0.000000
0.831059	0.000000
0.772192	0.000000
0.544087	0.000000
0.424024	0.000000
0.252939	0.000000
0.109476	0.000000
-0.070471	0.000000
-0.230484	0.000000
-0.464994	0.000000
-0.610199	0.000000
-0.710454	0.000000
-0.755707	0.000000
-0.999424	0.000000
-0.941230	0.000000
-0.997512	0.000000
-0.915899	0.000000
-1.036497	0.000000
-0.904150	0.000000
-0.844064	0.000000
-0.654782	0.000000
-0.614160	0.000000
-0.369641	0.000000
-0.257925	0.000000
-0.043077	0.000000
0.083353	0.000000
0.369176	0.000000
0.413642	0.000000
0.599068	0.000000
0.753786	0.000000
0.873929	0.000000
0.876135	0.000000
0.917260	0.000000
0.995487	0.000000
0.987578	0.000000
0.946361	0.000000
0.836337	0.000000
0.844116	0.000000
0.729017	0.000000
0.512722	0.000000
0.380675	0.000000
0.236499	0.000000
0.055888	0.000000
-0.151116	0.000000
-0.269073	0.000000
-0.478255	0.000000
-0.619745	0.000000
-0.745230	0.000000
-0.805196	0.000000
-0.985981	0.000000
-0.969374	0.000000
-1.055032	0.000000
-0.943391	0.000000
-1.007441	0.000000
-0.871640	0.000000
-0.827133	0.000000
-0.640210	0.000000
-0.580432	0.000000
-0.298683	0.000000
-0.271018	0.000000
-0.001115	0.000000
0.115327	0.000000
0.383218	0.000000
0.440812	0.000000
0.610787	0.000000
0.747134	0.000000
0.903222	0.000000
0.920068	0.000000
0.927495	0.000000
1.007215	0.000000
1.019811	0.000000
0.921044	0.000000
0.843115	0.000000
0.769812	0.000000
0.710501	0.000000
0.452306	0.000000
0.357598	0.000000
0.154453	0.000000
0.048094	0.000000
-0.202346	0.000000
-0.308392	0.000000
-0.535316	0.000000
-0.591056	0.000000
-0.824230	0.000000
-0.846352	0.000000
-1.002047	0.000000
-0.964307	0.000000
-1.031990	0.000000
-0.909125	0.000000
-1.014617	0.000000
-0.811429	0.000000
-0.810200	0.000000
-0.584457	0.000000
-0.507159	0.000000
-0.307960	0.000000
-0.204230	0.000000
0.035697	0.000000
0.134884	0.000000
0.389441	0.000000
0.482390	0.000000
0.639191	0.000000
0.775402	0.000000
0.946163	0.000000
0.927260	0.000000
0.967818	0.000000
1.016546	0.000000
1.042853	0.000000
0.910954	0.000000
0.842526	0.000000
0.770171	0.000000
0.625875	0.000000
0.460812	0.000000
0.312955	0.000000
0.099811	0.000000
0.015495	0.000000
-0.206966	0.000000
-0.358884	0.000000
-0.531679	0.000000
-0.640741	0.000000
-0.799532	0.000000
-0.815040	0.000000
-0.999109	0.000000
-0.964911	0.000000
-1.046234	0.000000
-0.931699	0.000000
-0.975881	0.000000
-0.830405	0.000000
-0.747544	0.000000
-0.555424	0.000000
-0.501076	0.000000
-0.255735	0.000000
-0.161158	0.000000
0.047176	0.000000
0.194990	0.000000
0.421121	0.000000
0.521736	0.000000
0.654092	0.000000
0.838373	0.000000
0.925268	0.000000
0.912992	0.000000
0.932195	0.000000
1.034505	0.000000
1.036118	0.000000
0.877981	0.000000
0.802360	0.000000
0.719702	0.000000
0.635304	0.000000
0.405509	0.000000
0.253481	0.000000
0.082946	0.000000
-0.044845	0.000000
-0.278640	0.000000
-0.387580	0.000000
-0.607194	0.000000
-0.675391	0.000000
-0.835182	0.000000
-0.863582	0.000000
-1.043622	0.000000
-0.986702	0.000000
-1.001878	0.000000
-0.914158	0.000000
-0.989588	0.000000
-0.779385	0.000000
-0.763825	0.000000
-0.529179	0.000000
-0.495555	0.000000
-0.182771	0.000000
-0.103657	0.000000
0.093257	0.000000
0.239921	0.000000
0.458181	0.000000
0.557999	0.000000
0.671211	0.000000
0.860250	0.000000
0.959203	0.000000
0.941651	0.000000
0.944284	0.000000
0.988640	0.000000
1.027791	0.000000
0.848183	0.000000
0.776742	0.000000
0.678234	0.000000
0.592426	0.000000
0.416154	0.000000
0.251912	0.000000
0.061459	0.000000
-0.075061	0.000000
-0.267624	0.000000
-0.410102	0.000000
-0.671065	0.000000
-0.716530	0.000000
-0.841174	0.000000
-0.845678	0.000000
-1.041090	0.000000
-1.021176	0.000000
-0.997399	0.000000
-0.888983	0.000000
-0.965979	0.000000
-0.789314	0.000000
-0.681762	0.000000
-0.521533	0.000000
-0.446787	0.000000
-0.169621	0.000000
-0.071788	0.000000
0.125151	0.000000
0.294042	0.000000
0.524985	0.000000
0.582964	0.000000
0.746805	0.000000
0.827046	0.000000
0.977620	0.000000
0.937362	0.000000
0.980698	0.000000
1.011438	0.000000
0.976260	0.000000
0.875704	0.000000
0.759991	0.000000
0.660438	0.000000
0.556196	0.000000
0.354748	0.000000
0.227457	0.000000
0.023937	0.000000
-0.090133	0.000000
-0.334913	0.000000
-0.425235	0.000000
-0.680612	0.000000
-0.722931	0.000000
-0.879545	0.000000
-0.856439	0.000000
-1.061786	0.000000
-0.993392	0.000000
-0.995303	0.000000
-0.882492	0.000000
-0.911092	0.000000
-0.742989	0.000000
-0.680871	0.000000
-0.454031	0.000000
-0.373245	0.000000
-0.150733	0.000000
-0.027785	0.000000
0.174787	0.000000
0.322096	0.000000
0.517286	0.000000
0.641309	0.000000
0.738843	0.000000
0.892583	0.000000
0.961520	0.000000
0.931906	0.000000
0.945000	0.000000
1.000940	0.000000
0.994191	0.000000
0.838971	0.000000
0.746659	0.000000
0.628607	0.000000
0.548984	0.000000
0.342646	0.000000
0.165112	0.000000
-0.047348	0.000000
-0.151705	0.000000
-0.362047	0.000000
-0.458149	0.000000
-0.666889	0.000000
-0.763254	0.000000
-0.916573	0.000000
-0.865782	0.000000
-1.055164	0.000000
-0.994483	0.000000
-0.981133	0.000000
-0.850541	0.000000
-0.918522	0.000000
-0.703166	0.000000
-0.636420	0.000000
-0.406326	0.000000
-0.352214	0.000000
-0.092176	0.000000
0.031437	0.000000
0.220906	0.000000
0.352822	0.000000
0.583473	0.000000
0.662587	0.000000
0.751202	0.000000
0.912353	0.000000
1.027194	0.000000
0.963492	0.000000
0.936811	0.000000
0.991549	0.000000
0.964179	0.000000
0.817626	0.000000
0.694405	0.000000
0.609057	0.000000
0.493728	0.000000
0.275358	0.000000
0.131658	0.000000
-0.102870	0.000000
-0.170781	0.000000
-0.429334	0.000000
-0.485964	0.000000
-0.740444	0.000000
-0.764321	0.000000
-0.945269	0.000000
-0.883170	0.000000
-1.057755	0.000000
-0.961178	0.000000
-1.007054	0.000000
-0.817058	0.000000
-0.863359	0.000000
-0.662117	0.000000
-0.615643	0.000000
-0.376452	0.000000
-0.326910	0.000000
-0.042928	0.000000
0.047858	0.000000
0.232112	0.000000
0.384193	0.000000
0.610240	0.000000
0.653999	0.000000
0.775141	0.000000
0.919532	0.000000
1.007929	0.000000
0.985721	0.000000
0.967416	0.000000
1.008390	0.000000
0.946409	0.000000
0.783130	0.000000
0.698014	0.000000
0.591445	0.000000
0.493173	0.000000
0.235116	0.000000
0.133303	0.000000
-0.118807	0.000000
-0.224188	0.000000
-0.442692	0.000000
-0.515540	0.000000
-0.756007	0.000000
-0.801174	0.000000
-0.944946	0.000000
-0.870447	0.000000
-1.071756	0.000000
-0.964787	0.000000
-0.977233	0.000000
-0.819233	0.000000
-0.883323	0.000000
-0.673417	0.000000
-0.572019	0.000000
-0.360634	0.000000
-0.275461	0.000000
-0.032540	0.000000
0.068988	0.000000
0.291602	0.000000
0.431976	0.000000
0.658591	0.000000
0.685346	0.000000
0.771518	0.000000
0.877116	0.000000
1.028639	0.000000
0.950182	0.000000
0.950542	0.000000
0.958175	0.000000
0.970914	0.000000
0.792078	0.000000
0.638690	0.000000
0.515180	0.000000
0.428390	0.000000
0.222350	0.000000
0.060492	0.000000
-0.152143	0.000000
-0.294010	0.000000
-0.459013	0.000000
-0.543141	0.000000
-0.775933	0.000000
-0.813713	0.000000
-0.937756	0.000000
-0.879523	0.000000
-1.052785	0.000000
-0.955201	0.000000
-0.962850	0.000000
-0.813955	0.000000
-0.860493	0.000000
-0.586731	0.000000
-0.554534	0.000000
-0.350348	0.000000
-0.241031	0.000000
0.027601	0.000000
0.165257	0.000000
0.272576	0.000000
0.440973	0.000000
0.646454	0.000000
0.698573	0.000000
0.792269	0.000000
0.931990	0.000000
1.031897	0.000000
1.005122	0.000000
0.944554	0.000000
0.975151	0.000000
0.924524	0.000000
0.758779	0.000000
0.648681	0.000000
0.494815	0.000000
0.390852	0.000000
0.151469	0.000000
0.064021	0.000000
-0.228745	0.000000
-0.309141	0.000000
-0.498937	0.000000
-0.552415	0.000000
-0.830513	0.000000
-0.830804	0.000000
-0.953270	0.000000
-0.876598	0.000000
-1.058503	0.000000
-0.966895	0.000000
-0.940823	0.000000
-0.799445	0.000000
-0.843085	0.000000
-0.617532	0.000000
-0.541724	0.000000
-0.296743	0.000000
-0.176296	0.000000
0.061670	0.000000
0.173980	0.000000
0.336165	0.000000
0.477143	0.000000
0.679401	0.000000
0.739562	0.000000
0.846591	0.000000
0.954158	0.000000
1.007883	0.000000
0.977423	0.000000
0.918551	0.000000
0.939536	0.000000
0.885874	0.000000
0.733642	0.000000
0.592859	0.000000
0.441199	0.000000
0.344182	0.000000
0.106577	0.000000
0.009799	0.000000
-0.228332	0.000000
-0.354477	0.000000
-0.548085	0.000000
-0.615325	0.000000
-0.823591	0.000000
-0.833630	0.000000
-0.963067	0.000000
-0.937319	0.000000
-1.068327	0.000000
-0.956610	0.000000
-0.944636	0.000000
-0.786724	0.000000
-0.807636	0.000000
-0.557384	0.000000
-0.434513	0.000000
-0.287100	0.000000
-0.163038	0.000000
0.106181	0.000000
0.190695	0.000000
0.405657	0.000000
0.499591	0.000000
0.741408	0.000000
0.786405	0.000000
0.831727	0.000000
1.027776	0.000000
1.054391	0.000000
0.963484	0.000000
0.941112	0.000000
0.946605	0.000000
0.900183	0.000000
0.682771	0.000000
0.587578	0.000000
0.434108	0.000000
0.283115	0.000000
0.067683	0.000000
-0.043242	0.000000
-0.274686	0.000000
-0.390737	0.000000
-0.592231	0.000000
-0.624852	0.000000
-0.901745	0.000000
-0.885469	0.000000
-0.970415	0.000000
-0.934169	0.000000
-1.062299	0.000000
-0.951767	0.000000
-0.893577	0.000000
-0.772375	0.000000
-0.707608	0.000000
-0.533118	0.000000
-0.436931	0.000000
-0.231193	0.000000
-0.109276	0.000000
0.129994	0.000000
0.214623	0.000000
0.435678	0.000000
0.563245	0.000000
0.782640	0.000000
0.799822	0.000000
0.921058	0.000000
1.044410	0.000000
1.053708	0.000000
0.960442	0.000000
0.948103	0.000000
0.907192	0.000000
0.877243	0.000000
0.704897	0.000000
0.548970	0.000000
0.359162	0.000000
0.293462	0.000000
0.030208	0.000000
-0.051691	0.000000
-0.342586	0.000000
-0.435762	0.000000
-0.591539	0.000000
-0.700924	0.000000
-0.901361	0.000000
-0.858995	0.000000
-1.017219	0.000000
-0.899292	0.000000
-1.069213	0.000000
-0.880856	0.000000
-0.934691	0.000000
-0.755088	0.000000
-0.737965	0.000000
-0.539362	0.000000
-0.424930	0.000000
-0.167840	0.000000
-0.071967	0.000000
0.143421	0.000000
0.314103	0.000000
0.448914	0.000000
0.648508	0.000000
0.776658	0.000000
0.855115	0.000000
0.905671	0.000000
0.967836	0.000000
1.029764	0.000000
0.997648	0.000000
0.925616	0.000000
0.930496	0.000000
0.833487	0.000000
0.681587	0.000000
0.506793	0.000000
0.329198	0.000000
0.239515	0.000000
0.002384	0.000000
-0.116585	0.000000
-0.379744	0.000000
-0.434600	0.000000
-0.646022	0.000000
-0.651512	0.000000
-0.872042	0.000000
-0.887607	0.000000
-0.990146	0.000000
-0.945485	0.000000
-1.041435	0.000000
-0.926251	0.000000
-0.889432	0.000000
-0.741401	0.000000
-0.720693	0.000000
-0.508972	0.000000
-0.352236	0.000000
-0.137057	0.000000
-0.043047	0.000000
0.214447	0.000000
0.317796	0.000000
0.438442	0.000000
0.661767	0.000000
0.812534	0.000000
0.808960	0.000000
0.908411	0.000000
1.007059	0.000000
1.072787	0.000000
0.953418	0.000000
0.915409	0.000000
0.843755	0.000000
0.813671	0.000000
0.575130	0.000000
0.455215	0.000000
0.318206	0.000000
0.209769	0.000000
-0.013531	0.000000
-0.161760	0.000000
-0.414279	0.000000
-0.485092	0.000000
-0.700247	0.000000
-0.707590	0.000000
-0.903967	0.000000
-0.931708	0.000000
-1.022518	0.000000
-0.919446	0.000000
-1.048438	0.000000
-0.928080	0.000000
-0.837855	0.000000
-0.663584	0.000000
-0.665000	0.000000
-0.452882	0.000000
-0.354249	0.000000
-0.118805	0.000000
-0.028456	0.000000
0.268698	0.000000
0.350262	0.000000
0.524822	0.000000
0.678816	0.000000
0.857794	0.000000
0.845658	0.000000
0.906160	0.000000
1.008121	0.000000
1.057996	0.000000
0.957181	0.000000
0.886496	0.000000
0.862998	0.000000
0.732834	0.000000
0.551433	0.000000
0.477258	0.000000
0.272842	0.000000
0.160290	0.000000
-0.046128	0.000000
-0.179224	0.000000
-0.412040	0.000000
-0.514039	0.000000
-0.707241	0.000000
-0.744600	0.000000
-0.971559	0.000000
-0.923478	0.000000
-1.036092	0.000000
-0.914172	0.000000
-1.025411	0.000000
-0.899808	0.000000
-0.853347	0.000000
-0.672356	0.000000
-0.586772	0.000000
-0.393963	0.000000
-0.318993	0.000000
-0.068022	0.000000
0.065809	0.000000
0.306144	0.000000
0.372129	0.000000
0.572429	0.000000
0.700363	0.000000
0.860898	0.000000
0.870426	0.000000
0.964127	0.000000
1.036677	0.000000
1.028242	0.000000
0.953383	0.000000
0.873905	0.000000
0.817322	0.000000
0.746412	0.000000
0.562358	0.000000
0.425108	0.000000
0.303039	0.000000
0.152009	0.000000
-0.089179	0.000000
-0.241191	0.000000
-0.472902	0.000000
-0.531734	0.000000
-0.751118	0.000000
-0.770232	0.000000
-0.971557	0.000000
-0.921350	0.000000
-1.064308	0.000000
-0.914022	0.000000
-1.017576	0.000000
-0.892989	0.000000
-0.831692	0.000000
-0.633423	0.000000
-0.597249	0.000000
-0.384624	0.000000
-0.246472	0.000000
-0.033810	0.000000
0.088018	0.000000
0.326281	0.000000
0.433074	0.000000
0.592178	0.000000
0.735710	0.000000
0.894358	0.000000
0.882308	0.000000
0.914286	0.000000
1.019933	0.000000
1.025101	0.000000
0.918616	0.000000
0.831500	0.000000
0.797431	0.000000
0.706363	0.000000
0.495237	0.000000
0.377783	0.000000
0.171361	0.000000
0.055962	0.000000
-0.143531	0.000000
-0.237756	0.000000
-0.508955	0.000000
-0.571553	0.000000
-0.786712	0.000000
-0.768440	0.000000
-1.009078	0.000000
-0.957192	0.000000
-0.996387	0.000000
-0.911571	0.000000
-1.044233	0.000000
-0.811816	0.000000
-0.806334	0.000000
-0.615485	0.000000
-0.574542	0.000000
-0.322968	0.000000
-0.208378	0.000000
-0.009614	0.000000
0.112755	0.000000
0.343913	0.000000
0.440112	0.000000
0.603985	0.000000
0.770381	0.000000
0.893551	0.000000
0.878321	0.000000
0.919845	0.000000
1.032180	0.000000
1.044899	0.000000
0.961826	0.000000
0.851938	0.000000
0.800991	0.000000
0.702295	0.000000
0.479577	0.000000
0.347515	0.000000
0.177557	0.000000
0.014612	0.000000
-0.191279	0.000000
-0.321970	0.000000
-0.534007	0.000000
-0.648013	0.000000
-0.754344	0.000000
-0.796152	0.000000
-1.021926	0.000000
-0.955615	0.000000
-1.026141	0.000000
-0.897583	0.000000
-1.003548	0.000000
-0.846560	0.000000
-0.813584	0.000000
-0.592531	0.000000
-0.524413	0.000000
-0.312743	0.000000
-0.169656	0.000000
0.027733	0.000000
0.152488	0.000000
0.390959	0.000000
0.453605	0.000000
0.657621	0.000000
0.808919	0.000000
0.919534	0.000000
0.912650	0.000000
0.963877	0.000000
0.997456	0.000000
1.038287	0.000000
0.903466	0.000000
0.810610	0.000000
0.728437	0.000000
0.687985	0.000000
0.442989	0.000000
0.312678	0.000000
0.086502	0.000000
-0.009352	0.000000
-0.242344	0.000000
-0.329837	0.000000
-0.578834	0.000000
-0.616767	0.000000
-0.814466	0.000000
-0.818149	0.000000
-1.022099	0.000000
-0.969562	0.000000
-1.020966	0.000000
-0.873436	0.000000
-1.007345	0.000000
-0.815244	0.000000
-0.747107	0.000000
-0.546369	0.000000
-0.491964	0.000000
-0.255335	0.000000
-0.095049	0.000000
0.090496	0.000000
0.199944	0.000000
0.431745	0.000000
0.523639	0.000000
0.631482	0.000000
0.811160	0.000000
0.938953	0.000000
0.940786	0.000000
0.970141	0.000000
0.994255	0.000000
0.996198	0.000000
0.867488	0.000000
0.779864	0.000000
0.733681	0.000000
0.589274	0.000000
0.404537	0.000000
0.262864	0.000000
0.134675	0.000000
-0.028606	0.000000
-0.272368	0.000000
-0.350605	0.000000
-0.610131	0.000000
-0.665304	0.000000
-0.863800	0.000000
-0.827235	0.000000
-1.039206	0.000000
-0.983767	0.000000
-1.026350	0.000000
-0.896375	0.000000
-0.962052	0.000000
-0.788184	0.000000
-0.758239	0.000000
-0.532381	0.000000
-0.486668	0.000000
-0.203109	0.000000
-0.140592	0.000000
0.080552	0.000000
0.234306	0.000000
0.495967	0.000000
0.549228	0.000000
0.686160	0.000000
0.850683	0.000000
0.935080	0.000000
0.966426	0.000000
0.936210	0.000000
1.016692	0.000000
0.983235	0.000000
0.864101	0.000000
0.746640	0.000000
0.700304	0.000000
0.585875	0.000000
0.403433	0.000000
0.262820	0.000000
0.041198	0.000000
-0.064516	0.000000
-0.302544	0.000000
-0.397426	0.000000
-0.649702	0.000000
-0.680157	0.000000
-0.870370	0.000000
-0.845033	0.000000
-1.067718	0.000000
-1.005868	0.000000
-1.017710	0.000000
-0.912134	0.000000
-0.935210	0.000000
-0.785166	0.000000
-0.737161	0.000000
-0.502345	0.000000
-0.438512	0.000000
-0.188435	0.000000
-0.055135	0.000000
0.134093	0.000000
0.301773	0.000000
0.487251	0.000000
0.600759	0.000000
0.698443	0.000000
0.859850	0.000000
0.957715	0.000000
0.942122	0.000000
0.965354	0.000000
0.989504	0.000000
0.997609	0.000000
0.903897	0.000000
0.763453	0.000000
0.656397	0.000000
0.594874	0.000000
0.347660	0.000000
0.163321	0.000000
0.031900	0.000000
-0.133896	0.000000
-0.377876	0.000000
-0.454388	0.000000
-0.659435	0.000000
-0.766320	0.000000
-0.865592	0.000000
-0.850817	0.000000
-1.036771	0.000000
-0.962513	0.000000
-1.011837	0.000000
-0.872457	0.000000
-0.933235	0.000000
-0.750405	0.000000
-0.695227	0.000000
-0.464399	0.000000
-0.417734	0.000000
-0.118212	0.000000
-0.069514	0.000000
0.168655	0.000000
0.287174	0.000000
0.557119	0.000000
0.647821	0.000000
0.735897	0.000000
0.870828	0.000000
0.983180	0.000000
0.957796	0.000000
0.973330	0.000000
1.006174	0.000000
0.990486	0.000000
0.827709	0.000000
0.709003	0.000000
0.600254	0.000000
0.496573	0.000000
0.301927	0.000000
0.143574	0.000000
-0.011690	0.000000
-0.182725	0.000000
-0.388626	0.000000
-0.480253	0.000000
-0.703251	0.000000
-0.813315	0.000000
-0.904688	0.000000
-0.899049	0.000000
-1.033291	0.000000
-0.959204	0.000000
-0.982843	0.000000
-0.847704	0.000000
-0.899153	0.000000
-0.778035	0.000000
-0.608803	0.000000
-0.475356	0.000000
-0.350732	0.000000
-0.102770	0.000000
0.045499	0.000000
0.225823	0.000000
0.357895	0.000000
0.569825	0.000000
0.661165	0.000000
0.753501	0.000000
0.888744	0.000000
1.014531	0.000000
0.984088	0.000000
0.975124	0.000000
0.938412	0.000000
0.956937	0.000000
0.856556	0.000000
0.753285	0.000000
0.602653	0.000000
0.492101	0.000000
0.295626	0.000000
0.107379	0.000000
-0.063449	0.000000
-0.180196	0.000000
-0.440164	0.000000
-0.486086	0.000000
-0.750279	0.000000
-0.784956	0.000000
-0.943926	0.000000
-0.891804	0.000000
-1.082109	0.000000
-0.972614	0.000000
-0.994964	0.000000
-0.886801	0.000000
-0.919764	0.000000
-0.665611	0.000000
-0.626307	0.000000
-0.421220	0.000000
-0.318064	0.000000
-0.080537	0.000000
0.063184	0.000000
0.234163	0.000000
0.421947	0.000000
0.622533	0.000000
0.688398	0.000000
0.747451	0.000000
0.909114	0.000000
0.981477	0.000000
0.966690	0.000000
0.952268	0.000000
0.945742	0.000000
0.973003	0.000000
0.793759	0.000000
0.706445	0.000000
0.573597	0.000000
0.490845	0.000000
0.209048	0.000000
