12.68976 	0.00000
11.79568 	0.14983
11.12160 	1.53374
10.97400 	0.24941
9.67314 	0.40917
10.75361 	-1.26141
11.78124 	-3.52515
10.95137 	0.09883
10.27935 	0.01322
11.18515 	-1.03455
12.21080 	-0.41095
11.29994 	-1.33946
11.90495 	-0.64514
11.01719 	2.04813
11.14199 	-1.27959
11.92607 	0.02420
10.32437 	-0.30934
12.32879 	-1.46291
12.04767 	-0.30434
10.79123 	0.20933
9.66806 	0.42006
10.57207 	0.61640
12.36337 	1.37352
12.20246 	-0.39312
12.32285 	-0.49961
12.32196 	-0.93865
11.08349 	1.34866
12.07668 	0.87301
12.51123 	1.29289
12.90705 	0.36904
11.58535 	1.23662
11.97071 	-0.49111
12.59804 	-1.86808
12.20564 	-0.75838
11.55423 	-0.96876
13.73896 	0.84425
11.97029 	0.10981
13.34101 	-0.30246
14.24240 	0.83828
12.57910 	0.19707
12.69881 	1.16861
13.64391 	-0.35070
13.77443 	-0.75532
13.40626 	-0.54802
13.74010 	0.07105
12.43966 	-1.01232
14.23461 	-0.77743
12.22162 	-1.59732
15.34754 	0.22548
13.07390 	0.07923
14.63439 	-0.73521
13.23354 	-0.46722
14.07069 	1.16133
14.17898 	-1.10631
13.98715 	0.37461
13.85163 	-2.02884
14.73728 	-0.48035
15.29547 	-1.37466
15.82543 	0.23305
15.49758 	-2.06935
14.66565 	-1.00329
15.26941 	-1.93293
16.16987 	0.48183
17.65217 	-1.29108
16.57317 	-1.52157
15.74497 	-0.94280
15.84352 	0.06039
17.07710 	0.57055
17.29139 	-0.49723
17.44335 	-0.71525
18.43850 	-0.24269
18.56503 	-0.52493
17.68621 	-1.35859
18.58423 	-0.50355
19.68623 	-1.00352
19.98759 	-1.56293
21.52871 	-1.13042
21.30046 	-0.57690
22.50135 	0.11926
20.93714 	-0.09747
22.40326 	-0.32315
23.52897 	-0.24006
24.33601 	-0.16101
25.61408 	0.21070
24.78415 	-1.35606
26.90939 	-2.84497
27.43946 	-1.59066
27.43783 	-1.07770
28.02265 	-1.04439
28.95460 	-0.60752
28.62774 	-0.70599
29.43756 	-0.49634
32.08607 	-2.34911
33.85374 	-2.21321
36.14237 	-0.96799
35.90236 	-0.97600
39.48472 	-2.14492
39.25402 	-0.69204
40.69987 	-0.67186
44.49018 	-1.80219
48.50114 	-1.31887
51.50139 	-2.37263
54.95058 	-1.05554
61.29499 	-2.59526
65.67943 	-2.25454
71.69018 	-1.65469
78.69076 	-4.30886
88.50381 	-3.42153
104.01825 	-3.47552
122.19911 	-4.53369
147.83516 	-5.90892
189.21748 	-5.94770
263.89377 	-10.83849
440.30133 	-17.79643
1339.96729 	-56.39519
-1264.13306 	51.76054
-425.77692 	18.23323
-256.13489 	10.51547
-182.55914 	8.22252
-141.36150 	5.13619
-116.03550 	6.41086
-96.40919 	2.83119
-83.55385 	2.50591
-72.56268 	3.87002
-67.45868 	4.70325
-60.21076 	2.84002
-54.46741 	2.85620
-49.38979 	3.03174
-45.12428 	0.88932
-41.54036 	1.05724
-39.28201 	2.65902
-36.76790 	1.71172
-35.19806 	-0.16379
-34.89304 	2.60003
-30.95306 	0.72583
-28.13000 	0.42840
-27.54561 	0.14022
-27.18385 	1.47005
-25.75461 	1.31214
-24.14209 	1.71480
-22.69640 	1.50740
-21.66253 	1.57294
-19.93212 	0.32208
-20.99729 	-0.31095
-19.73338 	1.06147
-18.72576 	2.51718
-17.97443 	0.77423
-17.21727 	0.83655
-15.54237 	2.75099
-17.10328 	1.09479
-15.83450 	0.57434
-16.17523 	1.96446
-14.49787 	2.62691
-15.11686 	0.66610
-13.11610 	1.15379
-14.35734 	2.26640
-13.42631 	-1.70312
-13.89225 	0.39012
-12.93103 	0.96940
-12.83745 	-0.94374
-10.94995 	0.48780
-11.66477 	-0.22418
-12.56294 	0.39086
-9.39675 	-0.99470
-12.03222 	1.82194
-9.91426 	1.32280
-10.27798 	0.71814
-9.62872 	0.61743
-11.06584 	1.01307
-10.34038 	0.30153
-10.74214 	0.06961
-9.17878 	0.84557
-9.82867 	0.00461
-9.16521 	0.75323
-10.61063 	1.03157
-8.59187 	0.31667
-7.11727 	-0.29194
-8.38494 	-0.41576
-8.02005 	1.31939
-6.97335 	1.16510
-9.18787 	0.98294
-7.67007 	-1.08043
-9.10697 	0.84166
-6.19148 	0.47589
-8.13404 	1.22822
-6.02931 	-0.38501
-7.73824 	0.97741
-7.31299 	1.23040
-5.75864 	-0.92526
-6.88964 	-1.20387
-7.02968 	0.57361
-5.99117 	0.02923
-5.68909 	0.17455
-6.78151 	0.00425
-5.59724 	-0.11885
-7.19805 	2.06200
-7.13168 	0.41494
-5.81773 	0.09235
-5.69920 	0.72875
-6.87663 	0.90040
-5.16853 	-1.43886
-4.45758 	0.75262
-6.11116 	-0.70728
-4.62445 	0.41704
-4.00529 	1.05654
-4.42904 	1.02481
-4.17133 	-0.62186
-4.39935 	0.63338
-3.67632 	0.13402
-4.16358 	1.78455
-5.14956 	0.01454
-5.40065 	-0.08694
-4.76130 	0.38099
-4.51348 	1.02207
-5.31236 	0.56234
-5.19561 	1.43846
-3.49757 	1.02686
-2.13681 	1.69544
-5.90615 	-0.01818
-3.66679 	0.20025
-4.25475 	0.98598
-4.30945 	-0.23071
-4.76846 	-0.39322
-4.63560 	0.95221
-3.41315 	-0.28176
-4.45171 	0.57575
-4.44904 	1.23007
-3.12563 	0.16972
-3.80157 	-0.14561
-4.11510 	-0.00764
-3.17195 	0.74025
-2.95887 	1.22679
-4.42275 	-1.19888
-2.34029 	-0.75265
-2.68749 	0.79629
-3.57608 	2.12494
-4.10235 	1.97500
-3.02045 	0.15760
-2.94954 	0.32063
-3.16244 	-1.85503
-3.53560 	-1.34498
-1.74539 	0.59176
-2.71326 	0.84637
-2.63086 	-0.57987
-3.93741 	0.98447
-3.56814 	-1.01811
-3.92798 	-0.00890
-2.91716 	1.29244
-5.37834 	-0.65520
-4.56254 	-0.84761
-3.04177 	0.00438
-2.42658 	0.12789
-2.14918 	-0.25046
-3.17598 	1.06013
-1.79162 	1.16532
-1.27723 	0.80778
-0.79950 	0.44223
-2.38328 	-0.03756
-2.52116 	-0.20192
-3.63432 	-0.77667
-1.57863 	1.08536
-2.70111 	1.45347
-2.50506 	0.93695
-2.53863 	-0.26057
-3.20010 	0.59604
-4.73307 	1.00308
-1.65403 	-0.05090
-2.60433 	-0.26248
-3.78421 	-0.08940
-2.52651 	-0.03040
-1.73721 	1.95036
-4.52409 	0.69028
-2.42768 	0.28271
-2.59667 	0.17813
-4.29738 	0.83573
-1.71950 	0.66873
-2.08796 	0.11278
-3.29966 	0.42088
-1.78898 	0.93466
-3.62624 	-0.09723
-2.86472 	0.14223
-4.36809 	-0.78156
-2.52918 	0.32845
-3.07996 	-0.03134
-2.80612 	-0.42321
-1.44541 	0.91778
-4.03262 	-0.98643
-2.98967 	0.77202
0.06871 	0.76689
-1.60225 	-0.23717
-2.03802 	0.77042
-1.27036 	0.15392
-2.27810 	1.20454
-1.44610 	1.39810
-2.79197 	1.19819
-1.12007 	0.47211
-1.78686 	-0.50008
-1.47446 	1.68439
-2.84565 	0.20738
-2.34528 	0.62756
0.27192 	1.57292
-2.06250 	-0.29756
-0.18141 	0.08366
-2.74167 	0.12295
-0.99568 	0.98838
-2.95520 	-0.05372
-3.15237 	0.10375
-2.17985 	0.78145
-1.76350 	1.73316
-2.57816 	0.38120
-1.62947 	-0.38247
-3.65941 	-0.27128
-0.72036 	1.04195
-1.40797 	2.36489
-2.38351 	0.05919
-1.59011 	-0.77527
-1.72356 	-0.33190
-1.73018 	0.53270
-1.26038 	-0.27330
-1.38941 	-0.92760
-1.63261 	-0.41867
-0.72637 	-0.18596
-2.80343 	2.30728
-1.74950 	1.24758
-2.77499 	0.95026
0.12157 	0.55924
-1.35253 	0.17213
-1.61976 	0.41247
-2.66059 	0.43177
-1.24472 	0.69089
-0.15904 	0.76075
0.04218 	-0.61202
-0.52867 	-0.96999
-0.94919 	-0.07352
-1.39849 	-0.78399
-2.83638 	1.92169
-2.54483 	0.87205
-1.66487 	0.58344
0.64910 	0.05971
-1.14136 	-0.84418
-2.34610 	1.31976
-1.53394 	-0.77505
-2.92594 	1.54437
-1.78253 	-0.09442
-0.93413 	1.11429
-1.56787 	-0.17742
0.13643 	1.47814
0.11896 	0.45109
-1.82480 	0.84143
-0.85572 	0.83940
-1.00596 	-0.39448
-2.09299 	1.41093
-2.86527 	-0.30705
-1.58196 	-0.13077
-1.40517 	-0.22635
-1.69870 	2.04956
-1.17914 	2.57496
0.02373 	0.76022
-2.02049 	-2.03905
-0.84574 	-0.03431
-3.76967 	0.52577
-0.63141 	1.26078
-1.07915 	-0.81709
-3.15453 	0.82858
-1.66631 	-0.12542
-1.46472 	0.10593
-2.05478 	-0.31649
0.52713 	-1.30193
-0.63301 	-0.19023
1.31677 	0.24541
-0.69863 	1.09773
-0.40275 	1.65563
-2.32061 	-0.42525
-1.57273 	-0.28715
-2.51798 	1.04845
-1.04834 	-0.54359
-1.65783 	-1.13854
-1.78177 	1.76378
-0.13786 	0.28626
-1.62756 	-0.28305
-1.19566 	1.26012
-1.85459 	-0.70112
-2.16686 	0.92958
-3.08167 	-0.26376
-1.77795 	0.04705
-1.26990 	-1.83386
-0.45502 	-0.41142
-1.37603 	-0.90099
-0.33290 	-0.23737
-1.21703 	0.42339
-2.39354 	-0.94615
-2.63090 	0.08140
-1.46260 	1.15703
-1.29608 	-1.42209
-0.43501 	-0.39669
-0.80964 	0.88390
-0.11379 	0.36583
-0.41501 	1.35078
-1.97343 	0.79589
1.75557 	-1.04063
-2.59397 	1.06210
-0.46271 	0.02208
-2.88452 	-1.33761
-0.29259 	-0.03499
-2.21180 	1.45760
-0.08142 	-0.50463
-0.83916 	-0.08286
-0.10151 	0.79808
-0.88406 	-0.06631
-1.30315 	1.49439
-2.05468 	0.07882
-0.10117 	0.49471
-1.02486 	-0.41928
-1.39713 	0.59925
-0.89025 	-0.73108
0.35862 	-0.51647
-0.63754 	0.51518
-0.93255 	0.44822
-0.99299 	0.25528
-1.66802 	0.56811
-1.75769 	-0.50590
-0.94414 	2.27039
-0.73018 	0.91529
-2.53173 	0.22351
-1.37768 	1.36856
-2.14831 	0.98810
-0.51300 	-0.77061
-1.45566 	1.38981
-0.43122 	0.10390
-0.39070 	-0.22705
-1.27916 	-1.02841
-1.38394 	-1.16162
-0.79345 	-0.76716
-1.70560 	0.24801
-1.67138 	2.06665
-1.21980 	-0.04080
0.85171 	-1.04881
-0.26343 	0.44205
-2.14233 	-0.75103
-1.14416 	-0.02861
-0.85846 	1.72820
-2.07548 	-0.87470
-0.88756 	-1.60296
-2.09737 	0.19407
-1.91242 	-0.21927
-1.30300 	0.12044
-0.94588 	-0.14937
-0.65136 	-0.09915
-1.24731 	-0.28507
-1.47634 	-0.87751
-1.46072 	-0.44753
-2.06773 	-0.37572
-1.88354 	1.19786
-0.62909 	1.32015
-0.82538 	-0.21835
-0.71469 	-0.81567
-0.99366 	0.96999
-0.69811 	0.71719
1.05113 	-0.45162
0.08944 	0.42017
-0.41350 	-0.28178
0.69709 	-0.17609
-0.89392 	0.26715
-0.96690 	-0.60985
-1.03009 	-1.14285
0.61269 	0.44197
-1.58773 	-0.96570
-1.47010 	0.23349
-0.55868 	-0.62982
-2.07227 	1.05924
-0.65602 	-0.00477
1.02966 	-0.08580
-0.63397 	-1.17889
-0.92449 	0.80057
-0.32499 	0.50886
-0.76938 	0.24421
-1.71878 	0.32906
-1.29880 	-0.70288
0.29158 	-0.25112
-0.63288 	-0.83609
0.14163 	0.00957
-1.61749 	0.20599
-0.54169 	-0.13443
-2.65839 	0.86649
-0.62720 	1.19792
-0.08267 	0.02265
-1.10455 	-1.24513
-2.30899 	-0.16619
-1.99225 	1.35040
-0.90609 	0.49383
-1.32144 	1.54893
0.45980 	-0.59193
-2.41239 	-0.12567
0.10743 	-0.62907
-1.08667 	-1.35160
-1.05084 	1.48203
-1.00570 	0.19242
-0.14800 	-0.04226
-1.32631 	-0.36782
-1.97214 	-0.33617
-2.36850 	-0.96927
1.13180 	1.44841
-3.22359 	-1.42871
-1.29095 	-0.49719
-1.28157 	0.03492
-0.14720 	0.72142
-1.12731 	-0.86408
0.97452 	-0.30179
-2.28850 	-0.02792
0.17866 	0.60124
0.33281 	0.44219
-2.25830 	1.56165
-1.91559 	-0.36980
-0.17369 	0.01768
0.19994 	-0.54722
-2.41072 	0.12960
-1.78366 	-0.97480
0.17508 	-0.23872
0.59439 	-0.07718
-0.50787 	0.51111
1.29496 	-0.75927
-0.25263 	-0.53182
0.01089 	-1.09941
-1.69103 	-0.96840
-2.78198 	-0.38807
-0.42723 	0.66014
-0.06542 	0.96629
-0.58828 	-0.16674
0.00248 	-1.18487
-0.29064 	0.58434
-0.65994 	1.02424
1.45251 	1.67325
-1.72956 	-2.08807
-0.37400 	0.58619
-0.57976 	0.69450
0.03586 	1.15396
-1.33472 	0.19995
-1.00026 	0.20855
-0.73002 	-0.45556
2.25285 	-0.01794
-0.39639 	-0.00818
-0.22698 	0.10007
0.44023 	0.28794
-1.28088 	0.95793
-0.94269 	-0.46681
-0.68546 	-0.30771
0.11719 	0.57209
0.24354 	0.49971
-2.21309 	0.04751
-0.65697 	0.56905
-0.63296 	0.44006
-0.24350 	1.16297
-1.20637 	-0.44375
-1.58148 	-0.45567
-2.89145 	0.15836
-2.19239 	1.08730
-2.08358 	-0.05800
0.52510 	-1.76337
-1.70475 	0.67329
0.85190 	0.46651
-0.48954 	-1.08297
0.69964 	-0.99515
-2.40827 	0.04810
-0.55571 	1.73376
-0.73318 	-0.12564
-0.30722 	-0.12230
-0.80482 	1.20991
-3.61294 	1.08286
0.99556 	-1.40031
-1.03784 	1.17321
-0.55001 	0.41509
-0.82544 	-0.67740
-0.47823 	-1.04281
-1.54623 	0.41034
-0.20268 	-0.57728
-1.83116 	0.33380
-0.65228 	0.99281
-0.44840 	0.23314
-0.35788 	-0.84144
-1.19106 	1.00114
-0.98884 	-1.04417
-0.69707 	0.91125
-0.12668 	-1.68092
0.21068 	0.18609
0.01478 	-0.11187
0.47545 	1.79842
-1.88422 	-0.12185
-0.52790 	-1.88267
-1.16527 	1.05246
-3.21083 	2.28380
0.19420 	-1.07337
0.99814 	-1.03274
0.13806 	0.37069
-1.28627 	-0.73819
-0.07486 	0.01837
-1.05365 	1.55192
0.44438 	-0.01388
-0.89205 	1.04537
-1.91779 	-1.19159
0.97425 	0.54755
-0.87660 	-0.63032
-2.53754 	0.09718
-0.99420 	0.27688
-0.37566 	-0.55006
-0.34595 	0.87223
-0.31016 	1.08317
-0.43281 	-0.01930
0.41024 	1.55633
-0.61150 	0.01772
-1.00458 	1.29418
-0.40347 	-0.66183
-0.16251 	-0.70578
1.19994 	0.48153
-0.83996 	0.80482
-0.67413 	-1.03805
0.21879 	-1.66819
-0.78422 	0.24731
-2.05172 	-0.74989
-1.06944 	-0.64491
0.65673 	-0.23562
-0.26184 	-0.16186
1.25864 	1.46549
0.20978 	0.97039
-0.80193 	-0.07362
1.53139 	-0.04257
-1.06339 	-0.93837
-0.68395 	0.82724
0.28644 	-0.14625
-1.75985 	1.88171
-0.48632 	0.65074
-1.02936 	0.68758
-1.08072 	1.89035
0.01978 	0.32321
0.09503 	0.17818
-0.32844 	0.65517
-0.18495 	0.76794
0.24778 	0.05669
-0.52302 	1.44311
-1.03319 	-1.05931
-1.00831 	1.29377
-1.18053 	-0.01024
0.69452 	0.81369
-2.03646 	1.53261
-0.46776 	0.26477
0.40942 	-0.71915
-0.26585 	-1.81083
-1.60142 	-0.57765
-0.75609 	-0.44496
-1.30456 	0.47374
-1.84898 	0.24276
-1.07331 	2.50549
-0.15203 	1.02615
0.11162 	0.61533
-0.45991 	0.76522
-0.74430 	0.12852
-0.73125 	-0.33028
-0.83907 	0.05131
-0.10370 	0.12340
-0.14905 	1.38724
-1.08047 	0.53957
-0.79669 	0.94171
-0.38400 	-0.31491
-1.48847 	0.42780
-1.79106 	-0.23731
-0.85645 	-0.97697
0.73014 	0.06106
-0.52507 	0.83162
-0.75781 	0.30587
0.39575 	1.09075
-0.82403 	0.99023
-0.43244 	-0.69735
0.46933 	0.57906
-0.67463 	-0.17509
-0.52852 	-0.47782
-0.84976 	0.95633
-1.46031 	-1.31487
-0.44014 	-0.04920
-1.33776 	0.21413
-0.75273 	-1.44741
-0.79242 	0.94947
0.18465 	-0.98927
-0.05007 	0.36141
-0.28885 	1.57216
0.08681 	1.29248
0.24517 	-0.67029
-0.18198 	-1.92420
1.52888 	0.84483
-0.82495 	-0.40361
-0.64392 	-0.84366
-0.85320 	2.56827
-0.88011 	1.36580
-0.42977 	-0.30533
-0.48959 	-0.01922
-1.86593 	0.61433
-2.31738 	0.56883
0.17754 	-0.98176
0.55426 	1.57150
0.98916 	-0.98272
0.84498 	0.13594
-0.74673 	1.04057
-1.45669 	0.17648
0.28410 	-0.84945
-0.54999 	-0.10601
-0.08327 	-1.56957
0.21225 	-0.41425
-1.37607 	-2.14576
-0.69477 	0.56761
-1.63317 	0.29666
-0.69703 	-0.14624
-0.94827 	0.92421
-1.24138 	-0.18574
-2.02319 	1.11418
0.36443 	0.58323
0.14401 	-0.46805
0.70972 	-0.25422
0.44392 	0.01434
0.63624 	-1.14163
1.02534 	1.40823
0.66540 	-0.53061
0.79930 	-0.64600
-0.50735 	-0.49130
-1.09294 	-0.80129
-1.36404 	-0.00327
0.54321 	0.48911
-0.29541 	-0.35600
-0.58442 	-0.11439
-0.54939 	0.00843
-0.33023 	1.55578
-0.91431 	-0.32095
-1.36671 	-0.94696
0.00671 	0.44295
0.37685 	-0.21448
0.96314 	1.02481
-0.35105 	0.44682
0.30554 	-0.40962
0.47337 	0.22726
0.30394 	-0.86734
-1.65665 	0.66090
0.37985 	0.82754
0.42750 	-0.03350
-1.33539 	1.05200
0.12668 	-0.08662
0.53626 	1.21154
-0.19011 	0.10552
-0.79707 	-1.70466
-2.04971 	0.90892
-1.40446 	-0.84742
-1.16313 	-1.17708
-0.46984 	1.65977
0.37582 	-1.53032
-0.10813 	-0.22314
-0.77442 	-0.97472
-1.42406 	0.07305
-0.12767 	-0.58675
-0.61021 	0.16666
-0.05632 	-0.66801
-1.08822 	0.54193
-1.76354 	0.43086
-1.72111 	-0.70096
-0.04026 	0.33026
-1.73022 	0.72082
-0.38603 	1.00748
0.27686 	-0.11647
-0.93287 	-1.15954
0.12726 	-0.03220
-0.97025 	0.73118
0.01743 	0.73354
-0.67179 	-0.46695
-2.08221 	0.52650
-1.06601 	0.73839
-2.10419 	0.10278
0.27449 	0.21608
-0.76359 	0.17166
-0.74883 	-0.42465
-0.21469 	-0.02324
0.21322 	-0.29705
0.53904 	0.43227
0.93841 	0.60420
-1.01163 	0.18880
1.48817 	0.86171
-1.03462 	0.22005
0.05185 	0.16461
-0.42397 	0.22876
0.01081 	0.11425
-0.33597 	0.86319
0.72541 	-0.55039
-0.38361 	1.11932
0.75982 	0.46236
0.82075 	0.07485
-0.72801 	-0.04488
0.00338 	0.12638
-1.86162 	-2.25307
-0.30446 	-0.65375
1.01491 	0.06828
-0.03238 	-0.44494
-0.84553 	0.64532
-0.79671 	-0.04621
-2.17937 	0.19830
-0.48511 	0.58099
-1.51908 	0.39168
0.93860 	0.68828
0.17586 	-1.07674
-0.80846 	-0.28469
-2.11727 	0.32137
0.66374 	1.45743
-0.44105 	0.22956
0.51304 	-0.17416
-0.38323 	1.09398
-0.78790 	0.36285
0.84905 	-0.20710
1.73721 	0.47483
-0.20590 	0.12287
-2.26022 	-0.25681
0.61452 	1.55390
-0.01172 	2.53697
0.34793 	0.96110
0.11647 	0.87919
0.78942 	-0.22115
-1.26369 	-0.17721
0.84734 	-0.42564
-0.63128 	0.27479
-0.80016 	0.56302
1.28411 	0.61747
-0.12616 	-0.07570
0.45430 	1.09726
1.29143 	1.34850
1.38905 	0.29375
-1.06518 	-0.99386
0.54520 	0.15573
0.89194 	0.92420
-1.37723 	0.94990
0.45219 	1.41627
-0.01589 	-1.31070
0.99435 	0.68592
1.47508 	-0.94176
0.83697 	-0.14599
-0.28686 	-1.34459
-1.08230 	2.23185
-0.16912 	-0.34824
0.61768 	-0.07390
-0.66770 	-1.39903
0.35291 	0.14124
-0.14873 	0.56439
0.65499 	0.77167
-2.45555 	-0.12114
1.09085 	0.04888
0.22064 	-0.33112
-0.70567 	-1.96462
-0.74324 	-0.27484
0.65471 	0.60448
-0.12430 	-0.12777
-1.03065 	0.26818
0.53674 	-1.74747
-1.74399 	0.98061
-1.32687 	-0.53863
0.64018 	0.73131
-0.25417 	1.37579
-0.22905 	0.20745
-0.95581 	2.22861
0.12196 	-0.27484
-1.21434 	-0.77988
1.83342 	-0.31875
0.06654 	-0.79624
0.65015 	-0.46092
-1.30658 	-0.44528
-0.12194 	-0.47078
-0.85750 	-0.09001
-0.25917 	1.42129
-0.90624 	0.98990
-0.00477 	1.23456
0.62546 	0.80934
0.78352 	-0.22028
0.39675 	-0.86371
0.99162 	-0.73763
0.39889 	0.27212
0.43535 	1.51568
-0.77776 	-1.03303
-0.79208 	-0.55208
-0.95280 	1.11810
0.56462 	-0.35689
-1.01998 	-0.79100
-0.50677 	1.25457
1.60925 	-2.12643
-1.05346 	1.32754
0.01171 	-0.65401
-1.43403 	-0.18799
-0.05511 	-1.50582
-0.12835 	0.92043
0.84922 	1.89906
0.95546 	0.38211
0.48052 	-0.14664
0.07501 	-0.33239
-0.59132 	-0.20331
-0.31213 	-0.93235
-1.12481 	-0.59145
-0.12231 	-0.37931
0.56160 	0.55144
0.81175 	1.31371
-0.26478 	-0.23157
0.72088 	1.26568
0.30062 	-0.07753
0.78062 	-1.35497
2.23140 	2.04111
1.70088 	2.18527
2.74971 	1.35320
2.87714 	0.02166
3.09335 	1.94606
3.89818 	1.79816
7.19503 	4.35194
21.07393 	11.73745
-22.31104 	-12.17848
-8.62791 	-3.69973
-3.05594 	-2.63900
-2.95074 	-2.32300
-1.82229 	-2.35169
-0.89894 	-1.71257
-1.55917 	-2.06020
-1.99069 	-0.92845
-1.92715 	-0.66959
-0.39199 	-0.86516
-2.92908 	0.33159
-1.24068 	-0.55325
-1.03237 	0.82985
0.15581 	-0.03659
-0.70921 	-0.57522
-2.38482 	-1.33384
-1.78183 	0.27251
-2.10028 	0.65141
-0.62502 	0.60610
0.50411 	-0.16167
-0.22595 	0.28318
-0.45379 	-1.20109
-0.64544 	0.07857
-1.35308 	-1.56636
0.20686 	-0.13342
-0.26472 	-0.05666
-1.46604 	-1.22203
-0.17324 	-1.13100
-0.52525 	1.48127
-1.11322 	-0.05594
-1.76867 	0.01368
0.01604 	1.18451
0.50742 	0.66565
-0.41276 	-0.79606
-2.06629 	0.52380
-1.13082 	0.59285
-0.31609 	0.19335
-0.21287 	0.25588
-1.91598 	-1.21859
-0.91377 	-0.83595
-0.65033 	-0.50859
-1.57273 	0.39170
-1.06601 	-0.95115
-0.93123 	0.70713
-0.68899 	-0.55736
-0.43512 	-0.19382
0.15216 	-0.22778
-0.08591 	-0.53450
0.32478 	-0.06074
0.89059 	-0.01024
-0.91379 	-0.22922
-0.66473 	0.82565
-0.68634 	-0.33763
-1.17691 	-0.61460
-1.73111 	-0.19523
-2.38336 	-0.08877
1.39541 	1.51573
-0.37942 	1.28927
-1.80234 	-0.28822
0.20602 	1.27559
-1.53846 	-0.04086
-1.72071 	-2.36788
-1.29716 	0.38891
-1.71495 	-0.22213
-1.71983 	0.43465
-0.39998 	-0.12921
0.30354 	-0.53238
0.45761 	1.15268
-0.97053 	-0.20590
-0.64481 	-2.34576
-1.21832 	0.15314
0.33851 	1.16989
-1.08842 	1.42193
-0.97859 	0.18877
-1.07998 	-0.02281
-1.77451 	-0.86493
1.74162 	0.47212
-1.10984 	-0.00744
-0.09322 	0.01778
-1.65876 	0.57384
-0.25286 	-0.68458
-0.09751 	0.95966
-1.34866 	-0.02457
-0.72385 	0.76638
-0.08361 	0.61793
-0.10682 	-0.04859
-0.75747 	0.82382
-0.60597 	0.13009
0.06332 	0.11636
-0.59083 	-0.96259
-1.97547 	-1.27011
1.21077 	0.31944
1.15768 	-0.35069
0.45337 	1.45684
0.12846 	0.72118
0.28037 	-1.34574
-1.68613 	-0.54593
1.39434 	-0.90339
-0.33275 	1.45721
-1.79179 	-0.25946
-1.06355 	-0.15142
-2.11389 	-0.05540
0.61204 	0.59948
-0.75877 	0.82781
0.28107 	2.04806
-0.03181 	-1.94299
1.16996 	1.14527
-0.84543 	0.73699
-1.21737 	-0.34642
-1.60691 	0.73546
-1.41878 	-1.57689
-0.04817 	1.28428
-0.57090 	0.04297
-0.74079 	1.00002
-17.45553 	3.51886
-1.20298 	-0.73932
0.87760 	-0.41917
-1.02300 	-0.94105
-0.13028 	1.11543
0.29891 	-1.01909
-0.26404 	0.51681
-1.70438 	-0.88376
-1.74056 	1.79279
0.12033 	0.05099
-1.68215 	-0.11473
0.92383 	-1.55405
-0.84290 	-0.07259
-1.03306 	-0.25234
-1.52199 	-0.95307
0.22455 	0.90660
-0.53805 	-0.31001
-1.01229 	0.69880
-1.24475 	-0.60547
-0.45980 	-0.72567
-2.22606 	1.03149
-0.88679 	-0.48085
-2.13846 	0.41096
-2.71336 	0.64246
-0.43041 	-0.28985
-0.27269 	0.55058
-0.17705 	-0.62191
-1.16753 	-0.54150
-0.00849 	0.84530
-2.08396 	1.25543
-1.49144 	-0.21678
0.05977 	-0.74252
-2.13187 	1.16054
-0.91110 	-1.81206
-1.13303 	0.53550
0.31817 	0.61983
-2.53877 	0.04094
-0.40913 	0.34889
-0.03991 	1.75667
1.31604 	0.72922
-1.23883 	-0.27241
-0.90092 	-0.61853
-0.41527 	-0.11025
-0.13574 	0.03502
-0.56353 	-2.48519
-0.92114 	0.64272
-1.31827 	-0.35107
-0.76409 	1.59099
-1.98330 	-0.59005
-1.32594 	0.08951
0.47965 	-1.92636
-0.56959 	-0.51996
0.48151 	0.37693
0.65554 	0.74463
-0.57613 	-0.72759
-0.27025 	-0.52826
-0.38325 	1.15179
1.11422 	-1.37841
0.47341 	0.11285
-0.25203 	1.10179
-0.83548 	-0.60952
-0.90684 	-0.97912
-0.65620 	1.40032
-1.12042 	-1.78662
0.61938 	0.22105
-1.14237 	0.59797
0.37025 	-0.49753
0.00696 	0.75358
0.34607 	-0.11034
-0.55109 	-0.21470
-0.30652 	0.76699
0.49852 	-0.55974
-0.13137 	-0.17246
-0.10539 	-0.22462
-0.05490 	0.21262
0.62220 	-0.09753
-0.03602 	0.72514
1.01589 	0.79019
-1.48455 	-0.63686
0.29643 	-0.58185
-1.03897 	-1.10214
-0.78828 	0.26396
-0.72263 	-1.48370
-0.33266 	0.55557
-0.17855 	-0.57689
0.48930 	0.23308
-0.94526 	0.74459
0.16542 	2.01930
-0.80602 	-1.64051
-0.62341 	0.05773
0.16199 	2.02531
-0.71662 	-1.07061
-1.88752 	-1.02796
0.03415 	-0.18945
0.94795 	-0.29765
-1.44143 	1.28988
0.10882 	-2.57586
-1.66404 	0.16445
0.55230 	-0.37066
-0.38460 	-0.68437
-1.04190 	1.05380
-0.98616 	-0.88838
-0.61674 	-0.78116
-1.00965 	0.22179
-1.85101 	-1.05404
-2.22064 	-0.16378
-0.47726 	-0.63878
-2.35648 	-1.66296
-3.17826 	-1.60118
-2.79070 	-1.79416
-1.77105 	-0.33655
-3.24799 	-1.71038
-5.67043 	-3.55647
-7.03795 	-6.94457
-23.25351 	-15.69600
20.80354 	14.12141
7.15144 	3.44807
3.39689 	2.74873
1.77262 	2.94142
1.29949 	0.75110
2.18440 	1.63024
1.44162 	0.20636
2.23591 	0.97517
2.04851 	0.78209
0.88146 	2.14432
-0.14420 	0.87975
0.64016 	1.04595
0.96437 	0.25798
2.18863 	-0.32947
1.87567 	0.14178
1.28174 	-0.14735
2.17689 	-0.11467
1.06301 	1.82240
-0.31851 	-2.14434
-1.05356 	-0.52542
-0.56754 	-0.44501
1.09849 	0.46638
0.60124 	0.62241
-1.26545 	-0.40414
0.67041 	0.46095
0.53624 	1.11890
1.27838 	0.75889
-2.97590 	1.79479
-0.05276 	1.66562
0.71047 	-0.58261
0.57644 	0.02665
1.23415 	-0.64470
0.50164 	0.28330
0.78196 	0.26558
-1.19376 	1.55724
0.32826 	1.22364
-2.61441 	2.49356
-0.79366 	1.63997
-0.80682 	0.13039
-2.76870 	-0.00425
-0.20180 	-0.84265
1.40221 	-1.63408
0.19493 	0.65282
-0.31591 	-0.22835
1.35807 	0.53477
-0.07727 	0.91745
-0.13148 	0.18383
0.85949 	0.53163
2.03375 	0.21878
1.18166 	0.94969
0.84025 	0.62266
-0.13413 	0.35118
1.38940 	0.71914
-1.37185 	-0.86339
1.68866 	0.23439
-1.02653 	-1.31600
0.87499 	-0.66376
0.26236 	0.77719
0.84025 	0.57209
1.08175 	0.66550
-0.06103 	1.02513
-0.16699 	1.52116
-0.14047 	-1.16817
0.20352 	-0.02155
-1.26114 	-1.20884
0.24446 	0.47099
-0.64781 	-1.09608
1.14224 	0.84598
-0.43862 	-1.60448
0.16814 	-1.00283
-0.89173 	0.40731
0.42836 	0.60939
-1.53870 	1.73680
1.16353 	0.02844
-1.57049 	-0.59014
-1.68128 	0.14557
0.08548 	1.10597
-0.76136 	0.60723
0.58165 	-0.93827
-0.43489 	-0.25135
0.00711 	0.36371
0.59601 	0.21815
-0.12849 	-0.79336
-0.42214 	0.43058
0.42728 	-0.71056
-0.48157 	1.40710
-1.24524 	-1.55061
0.48893 	1.38448
0.43432 	0.63732
1.45718 	0.31075
0.23129 	0.85968
0.69454 	-0.22268
-1.57518 	1.38206
-0.91456 	-0.27841
-0.01427 	-0.07122
0.02260 	0.62651
-0.93871 	1.08730
0.12186 	-1.36609
-0.84269 	0.41591
0.29526 	1.47480
1.74949 	-0.54533
-0.45901 	0.05876
-0.79255 	1.65220
0.38103 	-0.12326
-1.67827 	1.50197
-1.17651 	0.82090
0.30570 	0.76491
1.02989 	1.27584
-1.38271 	-0.29646
0.34960 	0.88484
-0.79766 	-0.64994
2.01106 	0.58951
0.56796 	-0.95127
-0.84354 	-1.26122
-0.51786 	1.41588
-2.13181 	-0.34675
-0.68151 	0.20867
0.59896 	1.44592
0.42003 	-1.58886
-0.03354 	-0.53303
-0.98606 	-1.08175
1.55470 	-0.25944
-0.42185 	-0.73506
0.86965 	-1.20461
-0.04830 	1.10924
0.24832 	0.55416
-0.82119 	-0.48603
-0.70572 	-0.08242
1.22945 	-0.30847
0.60623 	-0.67858
-1.22782 	-0.85687
0.26863 	-0.88623
0.46428 	1.50740
1.22123 	0.55625
0.62451 	0.95818
-0.86767 	-1.82459
-0.15843 	-0.17100
1.00080 	0.84175
0.29809 	-0.90204
-1.34162 	0.07906
0.23576 	0.11371
0.35414 	-1.14696
-0.48070 	0.89748
0.26686 	-1.13427
-0.58945 	1.06857
-0.79085 	1.32319
1.20024 	-1.96030
0.97605 	-0.27161
-0.76094 	-0.01065
0.12626 	-2.35708
0.16739 	0.36776
0.73520 	0.78080
-0.00458 	-0.61448
0.04143 	-0.17412
-0.41268 	-0.64029
0.68648 	0.46656
1.26609 	-1.22362
-1.94933 	-1.39840
-0.82090 	-1.13801
-0.67064 	0.62553
0.53186 	0.65240
1.07238 	-0.91927
0.89613 	-0.76091
0.11173 	-0.06528
-0.41365 	-1.09521
1.16033 	-0.08078
0.76780 	-1.25445
-0.64201 	0.08854
-1.32416 	-0.72728
1.23211 	-0.54505
0.26438 	0.93863
-0.61167 	-0.01238
-0.66429 	0.16586
-1.53426 	1.70998
0.75145 	-1.20193
-1.05117 	2.18891
1.06767 	0.75105
-0.14840 	0.09510
-0.64581 	-0.21723
-0.01435 	0.57821
0.30738 	0.91018
0.28595 	1.16088
1.43120 	0.83589
-1.25968 	-0.02591
-0.69567 	0.53296
-0.10168 	0.18060
0.72970 	0.81756
0.19591 	0.90769
-0.52764 	-1.44124
-0.84433 	0.13751
0.68393 	-1.03252
-0.66692 	0.00435
0.80109 	-1.01724
-1.02827 	0.61949
-0.15241 	0.77264
0.34222 	0.11686
0.11125 	-0.09506
0.30170 	-0.11858
0.64944 	-1.09703
-0.74740 	0.24337
-0.69135 	-0.27444
-0.06956 	0.66090
-1.25343 	-0.58279
0.33515 	-0.01531
0.54768 	1.99716
0.18273 	0.99185
0.19667 	-0.05293
0.58934 	-0.21984
0.96814 	-0.08317
-0.76979 	1.29852
-0.48828 	-0.75757
0.04993 	-0.70746
-0.93406 	0.76945
0.33956 	0.54222
0.34734 	-0.41240
0.47041 	1.57190
-0.69886 	-0.51111
0.96405 	0.35606
-2.75867 	0.97271
-0.63720 	-0.52257
0.50893 	0.56662
-0.86458 	-0.64017
-0.74143 	0.21872
-1.52237 	-0.54751
-1.32681 	1.50285
0.10474 	-1.02905
-2.39641 	-1.74437
-1.42354 	1.52073
0.12603 	1.46814
-0.27017 	-0.49337
-0.68997 	-1.06423
1.44157 	1.26926
-0.02619 	-2.41314
0.59455 	0.76098
-0.96522 	0.11367
-0.20055 	-0.02182
-0.32381 	0.59741
0.15163 	-0.94405
0.41277 	-0.53595
-0.29809 	1.70507
0.45627 	-0.46941
0.60401 	-0.64555
1.00907 	-0.12648
-0.37362 	-0.52282
-0.41440 	0.70632
-0.84013 	-0.73964
0.07254 	-1.11590
-0.43687 	0.43251
0.47137 	-0.91946
-0.84426 	-0.89684
1.31115 	0.77108
-0.35148 	1.36912
-0.05843 	1.88974
1.20712 	-0.22750
-1.74521 	0.25616
1.32022 	0.03227
-0.35727 	1.28897
-0.43937 	0.77900
-0.53565 	-0.52929
1.21507 	-0.58727
-0.03726 	0.71654
-0.44587 	0.19567
-0.41742 	0.59067
-0.57373 	-0.50834
0.11684 	-2.00267
0.72047 	0.09041
-0.47449 	-0.65812
-1.96452 	-0.62772
2.02382 	0.50296
-0.02486 	0.74371
-0.57402 	-0.71013
0.00203 	0.44555
0.69294 	0.12375
1.20051 	0.20834
-0.34387 	-1.14082
-0.92086 	-0.56839
-0.44044 	0.58337
-0.07133 	-0.26972
0.38739 	-0.82695
-0.05391 	-1.02660
1.39898 	-0.65062
0.29530 	0.32764
1.31475 	-1.27314
1.15533 	0.63454
0.68291 	0.42097
1.01830 	0.76632
0.61299 	0.33904
0.86834 	-0.63486
-1.70458 	0.17904
-1.20343 	-1.29676
0.07436 	-0.57044
0.93588 	-0.39775
-0.72737 	0.57462
0.09289 	-0.97324
0.93528 	0.76608
-2.04004 	-0.76047
0.77813 	-0.77909
-1.02379 	-0.83506
0.49218 	-0.35284
0.17709 	0.21306
-0.06879 	-1.56865
0.65489 	0.41235
-0.12725 	-0.46586
0.67352 	-0.49670
-1.01104 	0.07671
0.00465 	-0.95054
-0.21178 	1.25803
1.46380 	0.53489
1.07406 	-0.49105
0.91891 	0.21557
0.99406 	-0.76357
0.43111 	-0.70086
-0.48259 	-1.09373
0.67923 	0.68333
-1.18496 	-0.61109
0.12459 	0.65873
-0.30144 	0.57498
-0.11191 	-1.70482
-1.04971 	0.49810
0.36485 	0.95415
0.75296 	-1.00182
-0.01217 	-0.66754
0.13218 	-0.00454
-0.62012 	1.76909
-0.19769 	0.67626
0.30421 	-0.94891
-1.60578 	0.73083
-1.16779 	0.16248
-0.57156 	-1.01278
-0.80361 	0.77137
0.22901 	1.27727
0.47386 	0.64718
0.17356 	1.21677
-1.46153 	-1.44290
0.08376 	0.92666
-1.03139 	-0.82588
-0.74822 	-0.00921
0.24856 	1.39885
0.15218 	-0.84464
-0.71441 	0.32742
0.16812 	0.55034
-0.80759 	-1.50758
1.21350 	-0.59998
0.71828 	1.43261
0.04159 	0.00080
-0.33717 	0.98352
0.26540 	0.08444
-1.34610 	1.77076
0.18788 	-0.10559
-1.30643 	-2.07322
-1.13490 	0.74126
0.19022 	-0.86580
0.94700 	-0.13164
-1.40170 	-1.09649
0.29740 	0.68098
-0.15790 	0.80526
0.05940 	-0.17672
0.15976 	-0.05908
1.28890 	0.37822
-0.39536 	-1.24821
1.63729 	-0.49965
1.07311 	0.50730
-0.01197 	-0.48511
0.95925 	0.91414
-0.95136 	0.46168
0.23041 	0.67093
0.37266 	-0.31521
0.17288 	1.28826
-0.05580 	0.32607
0.11250 	-0.30147
2.93304 	-0.28098
1.07857 	-0.20481
-0.55247 	0.47211
0.22046 	1.09177
-0.81513 	1.31326
1.08272 	-1.33160
-0.98912 	0.57810
0.07409 	0.35957
0.39463 	-0.54538
-0.32357 	-0.57512
-0.59287 	0.26434
0.08167 	1.67048
0.07559 	-0.87148
0.37945 	-1.80551
-0.50431 	-0.92491
-0.56573 	1.88789
0.84240 	-0.43237
0.06509 	1.15044
-0.13564 	-0.15492
-0.15361 	0.80111
0.62725 	0.83772
-0.93071 	0.95668
0.73247 	-0.57761
-0.78493 	-0.34384
0.79218 	0.14525
-0.22284 	0.52488
-1.04388 	1.10792
1.77811 	-0.53133
0.49707 	-0.23561
1.19788 	1.64911
-0.68847 	0.53760
-0.00250 	-0.83288
0.73237 	0.09917
-1.44947 	-0.75544
1.21013 	0.52617
-0.39283 	-0.22601
0.24854 	-0.39163
-0.54068 	0.44398
1.34488 	0.94901
0.45434 	0.90211
-0.41993 	0.13622
0.45297 	-0.31077
-0.45571 	-0.85929
-0.35258 	-0.42996
1.85192 	-1.57495
-1.02615 	0.08663
-0.47177 	-0.49364
2.67736 	-1.02981
-0.83502 	-1.25850
-0.73523 	0.26729
-3.42482 	-1.20311
-0.03046 	-0.16541
-0.64409 	0.44053
-0.36900 	-0.34520
1.15404 	-0.02140
0.77757 	-1.72732
-0.39539 	0.68929
-0.23672 	1.12583
0.12498 	-1.06991
-0.90872 	-1.86161
-1.34558 	0.82065
0.37346 	-0.07428
0.88772 	-0.42043
0.99421 	1.64957
-1.35081 	0.12395
0.28691 	0.45985
-1.81959 	-1.13386
-1.64258 	0.54639
-0.84985 	-0.57169
0.99174 	0.06784
0.23475 	-1.17649
0.48003 	0.56448
-0.66143 	0.15758
1.41479 	0.21637
-0.99759 	0.52664
-0.69597 	0.67739
0.07406 	-0.48254
1.32304 	0.41501
-1.17791 	0.91803
-0.16596 	-0.56124
0.29242 	0.59001
0.58576 	-0.90450
-0.04989 	0.50963
0.18532 	1.05926
0.07162 	-0.20441
-0.34587 	0.25027
0.08690 	0.81130
-1.03521 	-1.28368
-0.90068 	-0.12031
-0.07787 	0.69889
0.39921 	-0.18072
0.09965 	0.66233
-0.83022 	-0.79196
-0.41090 	2.41245
0.74631 	-1.06533
-0.31646 	0.69668
-0.23892 	1.30150
-0.69732 	-1.37317
0.24916 	0.08917
0.26509 	0.52869
-1.70323 	-0.12633
0.41936 	0.27599
0.04862 	1.01491
-1.72067 	-0.47666
0.76101 	-0.20952
0.09179 	-0.31164
-1.58722 	-0.75548
-1.74480 	-0.43114
-1.74816 	0.64477
0.71673 	-1.00818
-0.13724 	-0.23153
-1.89285 	0.81054
0.12747 	-0.30317
0.06031 	-0.25967
-0.59572 	0.11025
-0.28772 	0.03761
2.12935 	-0.52192
1.52993 	-1.32923
0.76120 	-1.53953
1.15855 	0.40246
-0.14274 	-1.63690
-0.10997 	1.20172
0.79643 	-0.33338
-2.52370 	-0.84682
-0.12376 	-1.77403
0.71534 	-0.17566
0.04917 	-1.54191
-0.88441 	1.28630
-0.06898 	0.64260
0.82400 	0.88888
0.52460 	-0.38078
0.24440 	-1.13246
-0.93758 	-0.07081
0.05307 	-1.19663
0.52057 	-0.03532
0.25461 	0.21219
-1.34253 	0.06463
-0.50080 	-0.10010
0.25774 	-0.08588
-0.36147 	0.52841
-0.58193 	-0.51628
0.84810 	-0.13438
-0.22937 	-0.52664
-0.36697 	0.52787
0.11378 	0.86664
1.24115 	0.08434
0.04799 	-1.36833
1.16236 	-0.22087
-0.57296 	-1.39517
0.32200 	-1.24377
-0.34320 	-0.99906
-1.19274 	0.73568
0.74483 	-0.55025
0.10045 	1.10406
-0.29698 	-0.02540
-1.66706 	1.40402
-0.82863 	-0.20724
0.28263 	-1.90148
-0.20018 	-0.12869
0.21964 	0.57859
-1.43603 	1.00711
0.89933 	0.82888
0.88372 	-0.44005
0.07829 	-0.32555
-0.43483 	0.20816
1.85981 	0.71076
-0.21744 	0.71187
0.34912 	0.16931
-0.08378 	0.34168
0.21445 	1.23081
-0.87266 	-0.44626
-0.66257 	-1.30875
-0.35757 	-0.07156
-0.43117 	0.00062
-0.22537 	0.30909
0.98048 	-0.26494
-0.93929 	-0.14694
-0.47191 	-0.47970
-1.60010 	-1.30712
0.70057 	1.32749
-1.11837 	-1.72015
-0.37387 	0.30300
-0.87947 	0.69264
2.02398 	0.10688
-0.71376 	1.44603
0.92411 	0.97390
-1.35747 	-0.46281
1.19231 	-1.13523
-0.53178 	-0.55675
0.78701 	0.50928
-1.34663 	0.05147
-1.42202 	0.21095
-2.77615 	0.84498
0.47684 	0.83435
-0.01144 	0.28794
-2.49280 	-1.72028
-0.14648 	1.09451
-0.11749 	-1.45466
0.66785 	0.10558
-1.73239 	-0.35999
-0.44263 	1.11827
-0.19499 	-0.62894
0.27761 	0.58779
-2.12628 	-0.47309
-0.25052 	-0.04684
0.72268 	-0.49462
-2.06475 	-0.53489
-0.73402 	0.98571
-1.45117 	-1.29097
0.45618 	-0.57093
0.38271 	0.40665
0.59549 	-0.88887
-0.23687 	-0.19564
0.86265 	-0.65033
-0.11701 	-0.63387
1.36044 	2.17467
-0.87091 	0.10405
-0.35412 	1.67564
-0.94524 	-0.86853
-0.03436 	1.67275
-0.05533 	-0.72145
-0.65427 	-0.23319
0.96169 	-1.35607
1.06377 	-0.19421
-1.78592 	0.43430
-0.33400 	0.83841
-1.05547 	0.90466
-2.23228 	-0.01327
-0.89750 	0.71301
-0.06423 	-0.71937
0.09005 	0.42069
-0.13692 	-0.08123
0.94265 	-0.73173
-0.22830 	1.23714
1.49071 	2.15761
-0.13943 	-0.89657
-0.09971 	-0.19380
-2.04016 	1.08047
-0.58165 	0.79881
0.74145 	0.43133
0.99270 	-1.69087
-0.91199 	1.05014
-0.20446 	0.41109
-0.41036 	-0.43331
0.47411 	0.36254
-1.24528 	1.21080
-1.22722 	-0.65414
-0.20270 	-0.50015
1.24244 	-1.39056
-0.40809 	-1.32672
0.20059 	0.18345
0.01864 	-1.05257
0.27625 	0.29598
0.55471 	0.62004
-1.31838 	-0.57343
1.31388 	0.20718
1.68918 	-0.77605
-0.59127 	-0.55962
-1.80194 	0.01874
-0.31118 	-1.25310
1.43850 	-0.57202
-0.98366 	0.92886
-2.36608 	1.38536
0.74296 	0.47624
-1.04513 	-0.73398
0.52548 	-1.06311
0.92353 	0.54929
-0.41030 	1.13321
-0.61931 	0.04763
-0.43850 	0.31996
1.19227 	0.41671
-0.70451 	-0.92858
0.33447 	1.13341
0.09626 	-0.25164
-0.14712 	-0.28657
1.31111 	-0.39860
0.60383 	-1.55077
-0.12330 	-0.44539
-0.16406 	-0.38977
0.67310 	0.31384
0.76752 	-0.35907
-0.00504 	1.04556
1.07223 	-0.29984
0.33364 	0.59525
-0.16736 	0.21166
-0.74137 	0.51186
0.45732 	1.31299
0.01226 	1.38322
0.63773 	2.05418
-0.62957 	0.26244
0.63111 	-0.23042
-0.96643 	-1.10636
0.24960 	0.87933
0.54130 	0.49448
0.30586 	0.22908
0.32124 	0.35468
0.41032 	-1.22106
1.08553 	-0.22054
-1.48627 	-0.07408
-0.58067 	-0.99148
0.87437 	0.46511
-1.21507 	-0.84994
1.23857 	0.17391
-0.02799 	0.35454
0.06159 	-0.82295
0.20649 	-0.89561
0.76870 	-0.29875
-0.55821 	-0.57467
0.01289 	0.76551
0.40681 	-0.06203
0.33064 	-1.20766
0.05176 	0.49128
-0.21704 	2.00117
-1.01931 	-2.07149
0.73940 	-0.48349
-1.31040 	-2.78112
0.30660 	0.40068
-0.63601 	-0.51356
1.35869 	-0.53708
-0.77230 	0.61019
0.99182 	-0.75660
-0.49359 	0.91689
0.51070 	-0.53060
-2.71398 	-0.93808
1.13624 	0.82220
-0.40385 	-0.50590
-1.64027 	0.16264
1.69048 	-0.02747
-0.07124 	-0.70828
0.25851 	-0.66144
-1.10422 	-1.03065
1.08579 	-2.60613
0.29108 	0.26718
-0.32808 	-0.25114
0.08342 	0.19520
-0.42080 	0.11025
-0.22578 	0.33672
-1.31537 	-0.68286
-0.99141 	0.53735
-1.36282 	-1.21625
0.97964 	-0.39540
1.43135 	0.11545
-0.45719 	0.78368
-0.92017 	-0.77760
-0.32589 	-0.70707
-1.62694 	1.25981
0.04243 	-0.63527
2.86670 	0.28696
-0.70807 	0.45342
-2.21889 	-0.39829
0.77306 	-0.42724
1.70623 	-0.28623
0.11372 	-0.94971
-1.40624 	-1.05312
0.06901 	0.63127
0.06245 	0.94429
0.42382 	0.46216
1.87191 	0.23803
2.75384 	0.06531
0.76431 	0.24599
1.34881 	-1.46874
2.29037 	0.19498
-0.39459 	-1.01924
1.44501 	-1.03653
-0.68179 	-0.67031
1.39651 	-2.36792
0.72359 	-0.09873
-0.80637 	-0.62373
1.94716 	0.42445
-1.30183 	2.57978
-0.73540 	1.54307
0.84612 	0.73626
-2.29868 	-0.33440
1.23552 	0.75315
1.24169 	-0.63523
0.97863 	1.49801
-0.92710 	-0.10212
0.26584 	1.33354
0.55251 	0.37358
0.73799 	-1.36069
0.88972 	0.15297
-1.24212 	0.34230
1.46318 	-1.63704
0.90876 	-0.98736
-0.79081 	-0.92171
0.65870 	-0.69038
1.26083 	0.15578
2.13494 	-0.65987
-0.67796 	0.29752
1.20159 	0.82283
-0.67787 	-0.28492
0.57000 	-0.80556
1.25316 	-1.16132
1.62832 	-0.07861
1.18406 	-0.68830
1.35284 	0.32565
1.15916 	0.31888
1.28309 	1.68955
0.17176 	-0.73818
0.14862 	0.53118
0.51216 	0.01867
1.45238 	-0.03449
0.85123 	-1.64555
-1.79658 	-1.78080
0.71754 	0.71508
2.12577 	-0.66272
-0.27971 	0.91930
0.72492 	-0.47211
1.97745 	0.31792
0.55296 	-1.21598
0.16210 	-0.17831
-0.55595 	0.76631
1.13057 	-0.59538
0.76084 	-0.19375
1.16786 	-0.77346
1.08734 	-1.24811
1.26485 	-0.45730
2.28439 	0.35374
2.61101 	1.74767
1.39240 	-0.18131
2.12282 	-0.37478
3.01936 	1.68987
5.87468 	0.63179
10.61732 	1.27038
25.52905 	2.27531
-27.34131 	-0.96062
-9.40585 	-1.20512
-4.46048 	-0.43980
-5.74504 	-0.00841
-4.09935 	0.55043
-1.38715 	-1.07231
-1.46456 	-2.22461
-1.77359 	-0.10499
-1.23503 	-1.15685
-2.32630 	-2.47279
-0.67028 	-0.66750
-0.48338 	-1.01225
-1.24722 	0.02613
-3.52172 	-0.74365
-0.29316 	-0.45013
-1.21763 	-0.73267
-0.62584 	-0.72841
-1.64420 	1.01922
0.69645 	2.49304
0.51101 	-1.59607
0.06788 	0.38993
-0.98790 	0.52021
0.21524 	-0.07350
0.74438 	-0.79442
-1.08132 	1.01303
-1.00791 	1.35873
0.31009 	-0.73531
-0.53873 	1.46973
1.50901 	0.88499
-1.48112 	0.89572
-0.86774 	0.73144
-2.37455 	0.44639
-0.43952 	-2.20601
-1.83505 	-0.61183
-1.74616 	0.67491
-0.36441 	1.78266
-0.22263 	-0.19629
-0.83454 	0.46399
-0.61365 	1.76281
-0.75740 	0.05158
0.00866 	-1.17402
0.30945 	1.05509
-1.32326 	0.22778
0.91249 	0.48463
-0.15718 	2.02751
-0.59509 	0.44510
-1.41002 	-0.91578
-1.84798 	0.31932
-2.72247 	-2.18724
-1.61376 	0.41728
-0.76249 	-0.14708
-1.51163 	-0.79771
-1.55004 	-0.00415
-0.53849 	-2.68405
0.02841 	1.11495
-0.76054 	-0.46114
-0.29833 	-0.12375
-1.59846 	0.56414
1.16489 	-0.79311
1.20186 	-0.94263
-0.15033 	0.11824
-0.91641 	-1.68869
-0.07310 	0.50630
-0.08861 	-0.22258
-0.46663 	0.47850
-0.19826 	-0.67797
-1.18159 	0.08576
-0.91486 	-0.85474
-0.73796 	-2.54376
-0.22442 	-0.36716
-0.56445 	0.66089
0.26264 	-0.36679
0.89128 	-0.33253
-0.22636 	0.60127
0.37612 	1.20293
-0.99485 	-1.24061
-0.64827 	-0.19446
0.72952 	-0.62250
0.75799 	0.22657
-0.94476 	0.85797
-0.90505 	-0.89819
0.55881 	-0.26081
-0.69195 	-0.04121
0.67435 	0.24534
-2.62223 	1.08561
0.36525 	-0.96350
-0.85498 	-0.82827
-0.80596 	0.79066
0.85102 	0.12929
-0.78354 	-1.03297
1.18571 	0.31082
0.05370 	0.66060
0.60228 	-1.31425
-1.99363 	-1.62084
-0.63037 	-0.61769
-0.95292 	0.40351
-0.57594 	0.85101
-1.67782 	1.92569
0.03864 	1.26941
-0.47388 	-1.01220
-0.26325 	1.68102
0.36557 	0.48639
-0.00688 	0.53549
0.21890 	1.69062
-0.62737 	0.52324
-0.96990 	-0.45456
-0.78303 	0.08296
0.99543 	1.33211
0.17393 	-1.12289
-1.96612 	-0.31148
-0.90051 	0.13460
-1.05685 	-0.05598
-0.92998 	-2.21553
-1.29305 	1.39671
104.52785 	0.00000
-1.29305 	-1.39671
-0.92998 	2.21552
-1.05685 	0.05598
-0.90051 	-0.13460
-1.96612 	0.31148
0.17393 	1.12288
0.99543 	-1.33211
-0.78303 	-0.08296
-0.96990 	0.45456
-0.62737 	-0.52324
0.21890 	-1.69062
-0.00688 	-0.53549
0.36557 	-0.48640
-0.26326 	-1.68102
-0.47388 	1.01220
0.03864 	-1.26941
-1.67781 	-1.92569
-0.57594 	-0.85100
-0.95292 	-0.40351
-0.63037 	0.61769
-1.99363 	1.62084
0.60228 	1.31425
0.05370 	-0.66060
1.18571 	-0.31082
-0.78354 	1.03297
0.85102 	-0.12928
-0.80597 	-0.79066
-0.85498 	0.82827
0.36525 	0.96350
-2.62223 	-1.08561
0.67435 	-0.24533
-0.69195 	0.04121
0.55881 	0.26081
-0.90504 	0.89819
-0.94476 	-0.85797
0.75799 	-0.22657
0.72953 	0.62250
-0.64827 	0.19446
-0.99485 	1.24061
0.37612 	-1.20293
-0.22636 	-0.60127
0.89128 	0.33253
0.26264 	0.36679
-0.56445 	-0.66089
-0.22442 	0.36716
-0.73796 	2.54376
-0.91486 	0.85473
-1.18159 	-0.08576
-0.19826 	0.67798
-0.46662 	-0.47850
-0.08861 	0.22258
-0.07311 	-0.50630
-0.91642 	1.68869
-0.15033 	-0.11824
1.20186 	0.94263
1.16489 	0.79311
-1.59846 	-0.56414
-0.29833 	0.12375
-0.76054 	0.46113
0.02841 	-1.11495
-0.53849 	2.68405
-1.55004 	0.00415
-1.51163 	0.79771
-0.76249 	0.14708
-1.61376 	-0.41727
-2.72247 	2.18724
-1.84797 	-0.31932
-1.41002 	0.91578
-0.59509 	-0.44509
-0.15718 	-2.02751
0.91250 	-0.48463
-1.32326 	-0.22778
0.30945 	-1.05509
0.00865 	1.17402
-0.75740 	-0.05158
-0.61365 	-1.76281
-0.83454 	-0.46400
-0.22263 	0.19628
-0.36441 	-1.78266
-1.74616 	-0.67491
-1.83505 	0.61183
-0.43952 	2.20601
-2.37455 	-0.44638
-0.86774 	-0.73143
-1.48112 	-0.89572
1.50901 	-0.88499
-0.53873 	-1.46973
0.31009 	0.73531
-1.00791 	-1.35873
-1.08132 	-1.01303
0.74438 	0.79442
0.21524 	0.07350
-0.98790 	-0.52021
0.06788 	-0.38993
0.51101 	1.59608
0.69645 	-2.49304
-1.64420 	-1.01922
-0.62584 	0.72841
-1.21762 	0.73268
-0.29316 	0.45013
-3.52172 	0.74364
-1.24722 	-0.02613
-0.48338 	1.01225
-0.67028 	0.66750
-2.32629 	2.47279
-1.23502 	1.15684
-1.77360 	0.10499
-1.46456 	2.22461
-1.38715 	1.07232
-4.09935 	-0.55044
-5.74504 	0.00841
-4.46048 	0.43980
-9.40587 	1.20512
-27.34125 	0.96060
25.52905 	-2.27525
10.61732 	-1.27039
5.87468 	-0.63179
3.01937 	-1.68987
2.12282 	0.37478
1.39240 	0.18132
2.61102 	-1.74767
2.28439 	-0.35374
1.26485 	0.45730
1.08734 	1.24811
1.16786 	0.77346
0.76085 	0.19375
1.13057 	0.59539
-0.55595 	-0.76631
0.16210 	0.17831
0.55296 	1.21599
1.97745 	-0.31792
0.72492 	0.47211
-0.27971 	-0.91930
2.12577 	0.66272
0.71754 	-0.71508
-1.79658 	1.78080
0.85123 	1.64555
1.45238 	0.03450
0.51215 	-0.01867
0.14862 	-0.53117
0.17174 	0.73820
1.28308 	-1.68957
1.15916 	-0.31888
1.35284 	-0.32565
1.18405 	0.68829
1.62833 	0.07861
1.25316 	1.16131
0.57000 	0.80556
-0.67787 	0.28492
1.20159 	-0.82283
-0.67796 	-0.29753
2.13493 	0.65987
1.26083 	-0.15578
0.65870 	0.69038
-0.79081 	0.92171
0.90876 	0.98735
1.46318 	1.63705
-1.24212 	-0.34230
0.88972 	-0.15297
0.73799 	1.36069
0.55251 	-0.37358
0.26584 	-1.33354
-0.92710 	0.10211
0.97863 	-1.49801
1.24168 	0.63523
1.23552 	-0.75315
-2.29868 	0.33440
0.84612 	-0.73626
-0.73540 	-1.54307
-1.30183 	-2.57977
1.94716 	-0.42444
-0.80637 	0.62373
0.72360 	0.09873
1.39651 	2.36792
-0.68179 	0.67031
1.44501 	1.03653
-0.39459 	1.01924
2.29037 	-0.19498
1.34882 	1.46874
0.76430 	-0.24599
2.75384 	-0.06532
1.87191 	-0.23803
0.42382 	-0.46216
0.06246 	-0.94429
0.06901 	-0.63127
-1.40625 	1.05312
0.11371 	0.94971
1.70623 	0.28623
0.77306 	0.42724
-2.21889 	0.39829
-0.70807 	-0.45342
2.86670 	-0.28696
0.04244 	0.63527
-1.62694 	-1.25981
-0.32589 	0.70707
-0.92017 	0.77760
-0.45719 	-0.78368
1.43135 	-0.11545
0.97964 	0.39540
-1.36282 	1.21625
-0.99141 	-0.53735
-1.31537 	0.68286
-0.22579 	-0.33672
-0.42080 	-0.11026
0.08341 	-0.19519
-0.32808 	0.25114
0.29107 	-0.26718
1.08579 	2.60613
-1.10422 	1.03065
0.25852 	0.66144
-0.07124 	0.70828
1.69048 	0.02747
-1.64027 	-0.16265
-0.40385 	0.50590
1.13624 	-0.82220
-2.71398 	0.93808
0.51070 	0.53060
-0.49359 	-0.91689
0.99182 	0.75659
-0.77230 	-0.61019
1.35869 	0.53708
-0.63601 	0.51356
0.30660 	-0.40068
-1.31040 	2.78112
0.73940 	0.48349
-1.01930 	2.07149
-0.21704 	-2.00117
0.05176 	-0.49128
0.33064 	1.20766
0.40681 	0.06203
0.01289 	-0.76551
-0.55822 	0.57467
0.76870 	0.29875
0.20649 	0.89562
0.06159 	0.82294
-0.02799 	-0.35454
1.23857 	-0.17391
-1.21507 	0.84994
0.87437 	-0.46511
-0.58067 	0.99148
-1.48627 	0.07407
1.08552 	0.22055
0.41032 	1.22106
0.32123 	-0.35468
0.30586 	-0.22908
0.54129 	-0.49448
0.24960 	-0.87933
-0.96643 	1.10636
0.63111 	0.23042
-0.62957 	-0.26244
0.63774 	-2.05418
0.01226 	-1.38322
0.45732 	-1.31299
-0.74137 	-0.51187
-0.16736 	-0.21166
0.33364 	-0.59525
1.07223 	0.29984
-0.00504 	-1.04556
0.76753 	0.35907
0.67310 	-0.31384
-0.16407 	0.38977
-0.12330 	0.44539
0.60383 	1.55077
1.31111 	0.39860
-0.14712 	0.28657
0.09626 	0.25163
0.33448 	-1.13341
-0.70451 	0.92858
1.19226 	-0.41670
-0.43851 	-0.31997
-0.61931 	-0.04763
-0.41030 	-1.13321
0.92353 	-0.54929
0.52548 	1.06310
-1.04513 	0.73399
0.74297 	-0.47624
-2.36608 	-1.38536
-0.98367 	-0.92886
1.43850 	0.57202
-0.31118 	1.25310
-1.80194 	-0.01874
-0.59127 	0.55962
1.68918 	0.77605
1.31388 	-0.20718
-1.31838 	0.57343
0.55472 	-0.62004
0.27625 	-0.29598
0.01864 	1.05257
0.20059 	-0.18345
-0.40809 	1.32671
1.24244 	1.39056
-0.20270 	0.50015
-1.22722 	0.65413
-1.24528 	-1.21080
0.47411 	-0.36254
-0.41036 	0.43331
-0.20446 	-0.41109
-0.91199 	-1.05014
0.99270 	1.69087
0.74145 	-0.43132
-0.58165 	-0.79880
-2.04016 	-1.08047
-0.09971 	0.19379
-0.13943 	0.89657
1.49072 	-2.15761
-0.22831 	-1.23713
0.94266 	0.73174
-0.13692 	0.08123
0.09005 	-0.42069
-0.06423 	0.71937
-0.89750 	-0.71301
-2.23228 	0.01327
-1.05547 	-0.90466
-0.33400 	-0.83841
-1.78592 	-0.43430
1.06377 	0.19420
0.96169 	1.35607
-0.65427 	0.23319
-0.05533 	0.72146
-0.03436 	-1.67275
-0.94524 	0.86853
-0.35412 	-1.67564
-0.87091 	-0.10404
1.36044 	-2.17467
-0.11701 	0.63387
0.86264 	0.65034
-0.23687 	0.19564
0.59549 	0.88887
0.38271 	-0.40665
0.45618 	0.57093
-1.45117 	1.29097
-0.73402 	-0.98571
-2.06476 	0.53489
0.72270 	0.49461
-0.25052 	0.04684
-2.12628 	0.47309
0.27762 	-0.58779
-0.19499 	0.62894
-0.44263 	-1.11827
-1.73239 	0.35999
0.66785 	-0.10558
-0.11749 	1.45466
-0.14648 	-1.09451
-2.49280 	1.72028
-0.01144 	-0.28794
0.47684 	-0.83434
-2.77615 	-0.84498
-1.42202 	-0.21095
-1.34663 	-0.05147
0.78701 	-0.50927
-0.53178 	0.55675
1.19231 	1.13523
-1.35747 	0.46281
0.92411 	-0.97390
-0.71376 	-1.44603
2.02398 	-0.10688
-0.87947 	-0.69265
-0.37387 	-0.30300
-1.11837 	1.72015
0.70057 	-1.32749
-1.60010 	1.30712
-0.47191 	0.47970
-0.93928 	0.14694
0.98048 	0.26494
-0.22537 	-0.30908
-0.43117 	-0.00061
-0.35757 	0.07156
-0.66256 	1.30874
-0.87267 	0.44625
0.21446 	-1.23080
-0.08378 	-0.34168
0.34912 	-0.16931
-0.21744 	-0.71187
1.85981 	-0.71076
-0.43483 	-0.20816
0.07829 	0.32555
0.88372 	0.44005
0.89933 	-0.82888
-1.43603 	-1.00711
0.21964 	-0.57859
-0.20018 	0.12869
0.28263 	1.90148
-0.82863 	0.20724
-1.66706 	-1.40402
-0.29698 	0.02540
0.10045 	-1.10406
0.74483 	0.55025
-1.19274 	-0.73568
-0.34320 	0.99906
0.32200 	1.24377
-0.57296 	1.39517
1.16236 	0.22086
0.04799 	1.36833
1.24115 	-0.08435
0.11380 	-0.86663
-0.36697 	-0.52786
-0.22937 	0.52662
0.84811 	0.13438
-0.58193 	0.51627
-0.36148 	-0.52840
0.25773 	0.08587
-0.50080 	0.10011
-1.34254 	-0.06463
0.25461 	-0.21219
0.52057 	0.03532
0.05307 	1.19662
-0.93758 	0.07082
0.24440 	1.13246
0.52460 	0.38079
0.82400 	-0.88888
-0.06898 	-0.64260
-0.88441 	-1.28630
0.04917 	1.54191
0.71534 	0.17566
-0.12376 	1.77403
-2.52370 	0.84682
0.79643 	0.33338
-0.10997 	-1.20172
-0.14274 	1.63690
1.15855 	-0.40246
0.76120 	1.53953
1.52992 	1.32924
2.12934 	0.52192
-0.28772 	-0.03761
-0.59571 	-0.11025
0.06031 	0.25967
0.12747 	0.30317
-1.89285 	-0.81054
-0.13724 	0.23153
0.71674 	1.00819
-1.74815 	-0.64477
-1.74480 	0.43114
-1.58722 	0.75548
0.09179 	0.31165
0.76101 	0.20952
-1.72067 	0.47666
0.04862 	-1.01491
0.41937 	-0.27599
-1.70323 	0.12633
0.26509 	-0.52869
0.24916 	-0.08917
-0.69732 	1.37317
-0.23892 	-1.30150
-0.31646 	-0.69668
0.74631 	1.06533
-0.41091 	-2.41246
-0.83022 	0.79196
0.09965 	-0.66233
0.39921 	0.18072
-0.07786 	-0.69890
-0.90068 	0.12031
-1.03521 	1.28368
0.08690 	-0.81130
-0.34587 	-0.25027
0.07162 	0.20441
0.18532 	-1.05926
-0.04989 	-0.50963
0.58576 	0.90450
0.29242 	-0.59001
-0.16596 	0.56124
-1.17791 	-0.91804
1.32303 	-0.41500
0.07406 	0.48254
-0.69597 	-0.67739
-0.99759 	-0.52664
1.41479 	-0.21638
-0.66143 	-0.15758
0.48003 	-0.56448
0.23475 	1.17649
0.99174 	-0.06784
-0.84985 	0.57169
-1.64258 	-0.54639
-1.81959 	1.13386
0.28691 	-0.45985
-1.35081 	-0.12395
0.99421 	-1.64958
0.88772 	0.42043
0.37346 	0.07428
-1.34558 	-0.82065
-0.90872 	1.86161
0.12498 	1.06991
-0.23672 	-1.12583
-0.39539 	-0.68929
0.77757 	1.72732
1.15404 	0.02140
-0.36900 	0.34520
-0.64409 	-0.44053
-0.03046 	0.16541
-3.42482 	1.20311
-0.73523 	-0.26729
-0.83502 	1.25850
2.67736 	1.02981
-0.47177 	0.49363
-1.02615 	-0.08663
1.85192 	1.57495
-0.35258 	0.42997
-0.45570 	0.85929
0.45298 	0.31075
-0.41992 	-0.13623
0.45434 	-0.90210
1.34488 	-0.94901
-0.54068 	-0.44398
0.24854 	0.39163
-0.39283 	0.22601
1.21013 	-0.52617
-1.44947 	0.75544
0.73237 	-0.09917
-0.00250 	0.83288
-0.68847 	-0.53760
1.19788 	-1.64911
0.49707 	0.23561
1.77811 	0.53133
-1.04388 	-1.10792
-0.22284 	-0.52488
0.79218 	-0.14525
-0.78493 	0.34384
0.73246 	0.57761
-0.93071 	-0.95668
0.62725 	-0.83772
-0.15361 	-0.80111
-0.13564 	0.15492
0.06509 	-1.15044
0.84240 	0.43237
-0.56573 	-1.88789
-0.50429 	0.92491
0.37945 	1.80551
0.07558 	0.87148
0.08167 	-1.67048
-0.59287 	-0.26434
-0.32357 	0.57512
0.39463 	0.54538
0.07409 	-0.35957
-0.98912 	-0.57810
1.08272 	1.33160
-0.81513 	-1.31326
0.22046 	-1.09177
-0.55247 	-0.47211
1.07857 	0.20481
2.93304 	0.28098
0.11250 	0.30147
-0.05580 	-0.32607
0.17288 	-1.28826
0.37266 	0.31521
0.23041 	-0.67093
-0.95136 	-0.46168
0.95925 	-0.91414
-0.01197 	0.48511
1.07311 	-0.50730
1.63729 	0.49965
-0.39536 	1.24821
1.28890 	-0.37822
0.15976 	0.05908
0.05940 	0.17672
-0.15790 	-0.80526
0.29740 	-0.68098
-1.40170 	1.09649
0.94700 	0.13164
0.19022 	0.86579
-1.13489 	-0.74126
-1.30643 	2.07322
0.18788 	0.10559
-1.34610 	-1.77077
0.26541 	-0.08445
-0.33717 	-0.98352
0.04159 	-0.00080
0.71828 	-1.43261
1.21350 	0.59998
-0.80759 	1.50758
0.16812 	-0.55034
-0.71441 	-0.32742
0.15218 	0.84465
0.24856 	-1.39885
-0.74821 	0.00921
-1.03139 	0.82588
0.08376 	-0.92666
-1.46153 	1.44290
0.17356 	-1.21677
0.47386 	-0.64718
0.22901 	-1.27727
-0.80361 	-0.77137
-0.57156 	1.01278
-1.16779 	-0.16248
-1.60578 	-0.73083
0.30421 	0.94891
-0.19769 	-0.67626
-0.62012 	-1.76909
0.13218 	0.00454
-0.01217 	0.66754
0.75296 	1.00181
0.36485 	-0.95414
-1.04971 	-0.49810
-0.11191 	1.70482
-0.30144 	-0.57498
0.12459 	-0.65873
-1.18496 	0.61109
0.67922 	-0.68333
-0.48259 	1.09373
0.43111 	0.70086
0.99406 	0.76356
0.91891 	-0.21557
1.07405 	0.49105
1.46380 	-0.53489
-0.21178 	-1.25803
0.00465 	0.95054
-1.01104 	-0.07671
0.67352 	0.49670
-0.12725 	0.46586
0.65489 	-0.41235
-0.06879 	1.56864
0.17709 	-0.21306
0.49217 	0.35284
-1.02379 	0.83506
0.77813 	0.77909
-2.04004 	0.76047
0.93528 	-0.76608
0.09289 	0.97324
-0.72737 	-0.57462
0.93589 	0.39775
0.07436 	0.57044
-1.20343 	1.29676
-1.70458 	-0.17904
0.86834 	0.63486
0.61298 	-0.33904
1.01831 	-0.76633
0.68290 	-0.42096
1.15533 	-0.63452
1.31475 	1.27315
0.29531 	-0.32764
1.39898 	0.65062
-0.05391 	1.02660
0.38739 	0.82695
-0.07133 	0.26972
-0.44044 	-0.58337
-0.92086 	0.56839
-0.34387 	1.14082
1.20051 	-0.20833
0.69295 	-0.12375
0.00203 	-0.44554
-0.57402 	0.71013
-0.02486 	-0.74371
2.02383 	-0.50296
-1.96452 	0.62772
-0.47449 	0.65812
0.72047 	-0.09041
0.11683 	2.00267
-0.57373 	0.50834
-0.41742 	-0.59067
-0.44587 	-0.19567
-0.03726 	-0.71654
1.21507 	0.58727
-0.53566 	0.52930
-0.43936 	-0.77901
-0.35728 	-1.28896
1.32023 	-0.03227
-1.74521 	-0.25616
1.20711 	0.22750
-0.05843 	-1.88974
-0.35148 	-1.36912
1.31115 	-0.77109
-0.84426 	0.89684
0.47137 	0.91946
-0.43687 	-0.43251
0.07254 	1.11590
-0.84013 	0.73964
-0.41440 	-0.70632
-0.37362 	0.52282
1.00907 	0.12648
0.60401 	0.64555
0.45626 	0.46941
-0.29809 	-1.70508
0.41277 	0.53595
0.15163 	0.94405
-0.32381 	-0.59741
-0.20054 	0.02182
-0.96522 	-0.11367
0.59455 	-0.76098
-0.02619 	2.41314
1.44157 	-1.26926
-0.68997 	1.06423
-0.27017 	0.49337
0.12603 	-1.46814
-1.42354 	-1.52073
-2.39641 	1.74437
0.10474 	1.02905
-1.32681 	-1.50284
-1.52237 	0.54751
-0.74143 	-0.21872
-0.86458 	0.64017
0.50892 	-0.56662
-0.63721 	0.52256
-2.75868 	-0.97270
0.96405 	-0.35606
-0.69886 	0.51110
0.47042 	-1.57190
0.34734 	0.41240
0.33955 	-0.54222
-0.93406 	-0.76945
0.04993 	0.70746
-0.48828 	0.75757
-0.76979 	-1.29851
0.96814 	0.08316
0.58934 	0.21984
0.19667 	0.05293
0.18273 	-0.99185
0.54768 	-1.99716
0.33515 	0.01531
-1.25343 	0.58279
-0.06956 	-0.66090
-0.69135 	0.27444
-0.74740 	-0.24337
0.64944 	1.09703
0.30170 	0.11858
0.11125 	0.09506
0.34222 	-0.11685
-0.15241 	-0.77264
-1.02827 	-0.61949
0.80107 	1.01725
-0.66693 	-0.00435
0.68393 	1.03252
-0.84433 	-0.13751
-0.52764 	1.44124
0.19592 	-0.90769
0.72970 	-0.81756
-0.10167 	-0.18060
-0.69567 	-0.53295
-1.25968 	0.02591
1.43120 	-0.83589
0.28594 	-1.16088
0.30738 	-0.91018
-0.01435 	-0.57821
-0.64581 	0.21723
-0.14840 	-0.09510
1.06767 	-0.75104
-1.05116 	-2.18892
0.75146 	1.20193
-1.53426 	-1.70998
-0.66429 	-0.16586
-0.61167 	0.01238
0.26438 	-0.93862
1.23210 	0.54505
-1.32416 	0.72728
-0.64201 	-0.08854
0.76780 	1.25445
1.16033 	0.08078
-0.41365 	1.09521
0.11173 	0.06527
0.89613 	0.76091
1.07238 	0.91927
0.53187 	-0.65240
-0.67064 	-0.62554
-0.82090 	1.13801
-1.94933 	1.39840
1.26609 	1.22362
0.68647 	-0.46656
-0.41268 	0.64027
0.04143 	0.17412
-0.00458 	0.61448
0.73520 	-0.78080
0.16739 	-0.36776
0.12626 	2.35708
-0.76094 	0.01066
0.97605 	0.27161
1.20024 	1.96030
-0.79085 	-1.32319
-0.58945 	-1.06857
0.26686 	1.13428
-0.48070 	-0.89748
0.35414 	1.14696
0.23576 	-0.11371
-1.34163 	-0.07906
0.29809 	0.90205
1.00080 	-0.84175
-0.15843 	0.17100
-0.86767 	1.82459
0.62451 	-0.95818
1.22123 	-0.55625
0.46428 	-1.50740
0.26863 	0.88623
-1.22782 	0.85687
0.60623 	0.67858
1.22942 	0.30847
-0.70570 	0.08242
-0.82119 	0.48604
0.24832 	-0.55416
-0.04830 	-1.10924
0.86965 	1.20461
-0.42185 	0.73506
1.55470 	0.25944
-0.98606 	1.08175
-0.03354 	0.53303
0.42003 	1.58886
0.59896 	-1.44592
-0.68152 	-0.20867
-2.13181 	0.34674
-0.51786 	-1.41589
-0.84354 	1.26121
0.56796 	0.95128
2.01106 	-0.58951
-0.79766 	0.64994
0.34960 	-0.88484
-1.38271 	0.29647
1.02990 	-1.27584
0.30570 	-0.76490
-1.17651 	-0.82089
-1.67827 	-1.50197
0.38103 	0.12326
-0.79255 	-1.65220
-0.45901 	-0.05876
1.74949 	0.54533
0.29526 	-1.47480
-0.84269 	-0.41592
0.12186 	1.36609
-0.93871 	-1.08731
0.02260 	-0.62652
-0.01427 	0.07123
-0.91456 	0.27841
-1.57518 	-1.38206
0.69455 	0.22267
0.23129 	-0.85968
1.45718 	-0.31075
0.43432 	-0.63731
0.48894 	-1.38448
-1.24524 	1.55061
-0.48157 	-1.40710
0.42728 	0.71057
-0.42214 	-0.43058
-0.12848 	0.79336
0.59601 	-0.21815
0.00711 	-0.36371
-0.43489 	0.25134
0.58165 	0.93827
-0.76136 	-0.60723
0.08548 	-1.10597
-1.68128 	-0.14556
-1.57049 	0.59014
1.16353 	-0.02844
-1.53870 	-1.73680
0.42836 	-0.60940
-0.89173 	-0.40731
0.16814 	1.00283
-0.43862 	1.60448
1.14224 	-0.84598
-0.64781 	1.09608
0.24446 	-0.47098
-1.26114 	1.20884
0.20353 	0.02155
-0.14047 	1.16817
-0.16699 	-1.52116
-0.06103 	-1.02513
1.08174 	-0.66549
0.84025 	-0.57209
0.26237 	-0.77719
0.87499 	0.66376
-1.02653 	1.31600
1.68866 	-0.23439
-1.37185 	0.86339
1.38940 	-0.71914
-0.13413 	-0.35118
0.84024 	-0.62265
1.18166 	-0.94969
2.03375 	-0.21878
0.85950 	-0.53163
-0.13148 	-0.18383
-0.07727 	-0.91745
1.35807 	-0.53477
-0.31591 	0.22835
0.19493 	-0.65281
1.40220 	1.63409
-0.20179 	0.84265
-2.76870 	0.00425
-0.80682 	-0.13039
-0.79366 	-1.63997
-2.61441 	-2.49356
0.32826 	-1.22364
-1.19376 	-1.55724
0.78196 	-0.26558
0.50165 	-0.28331
1.23415 	0.64471
0.57644 	-0.02665
0.71047 	0.58260
-0.05276 	-1.66561
-2.97594 	-1.79480
1.27837 	-0.75890
0.53624 	-1.11889
0.67041 	-0.46096
-1.26545 	0.40414
0.60124 	-0.62241
1.09849 	-0.46638
-0.56754 	0.44501
-1.05356 	0.52542
-0.31851 	2.14435
1.06301 	-1.82240
2.17689 	0.11467
1.28174 	0.14735
1.87567 	-0.14178
2.18863 	0.32948
0.96437 	-0.25798
0.64016 	-1.04595
-0.14420 	-0.87975
0.88146 	-2.14433
2.04851 	-0.78210
2.23591 	-0.97517
1.44162 	-0.20636
2.18440 	-1.63024
1.29949 	-0.75110
1.77262 	-2.94143
3.39689 	-2.74872
7.15144 	-3.44807
20.80357 	-14.12139
-23.25342 	15.69598
-7.03795 	6.94457
-5.67043 	3.55645
-3.24799 	1.71037
-1.77106 	0.33656
-2.79070 	1.79416
-3.17826 	1.60118
-2.35648 	1.66296
-0.47726 	0.63878
-2.22064 	0.16378
-1.85101 	1.05404
-1.00965 	-0.22179
-0.61674 	0.78115
-0.98616 	0.88838
-1.04190 	-1.05380
-0.38461 	0.68437
0.55230 	0.37066
-1.66404 	-0.16445
0.10882 	2.57586
-1.44144 	-1.28988
0.94795 	0.29765
0.03415 	0.18945
-1.88752 	1.02796
-0.71662 	1.07060
0.16199 	-2.02531
-0.62341 	-0.05773
-0.80602 	1.64051
0.16542 	-2.01930
-0.94526 	-0.74459
0.48930 	-0.23308
-0.17854 	0.57689
-0.33266 	-0.55557
-0.72263 	1.48371
-0.78828 	-0.26396
-1.03897 	1.10214
0.29643 	0.58185
-1.48455 	0.63685
1.01590 	-0.79019
-0.03602 	-0.72515
0.62220 	0.09753
-0.05490 	-0.21262
-0.10539 	0.22462
-0.13137 	0.17246
0.49852 	0.55974
-0.30652 	-0.76699
-0.55109 	0.21470
0.34607 	0.11034
0.00695 	-0.75358
0.37025 	0.49753
-1.14237 	-0.59797
0.61938 	-0.22105
-1.12043 	1.78662
-0.65621 	-1.40032
-0.90685 	0.97912
-0.83548 	0.60952
-0.25202 	-1.10179
0.47341 	-0.11285
1.11422 	1.37841
-0.38326 	-1.15179
-0.27025 	0.52826
-0.57613 	0.72759
0.65554 	-0.74464
0.48151 	-0.37693
-0.56961 	0.51995
0.47965 	1.92638
-1.32594 	-0.08951
-1.98330 	0.59005
-0.76409 	-1.59099
-1.31826 	0.35107
-0.92114 	-0.64272
-0.56353 	2.48519
-0.13575 	-0.03502
-0.41527 	0.11026
-0.90092 	0.61853
-1.23883 	0.27241
1.31604 	-0.72922
-0.03991 	-1.75667
-0.40913 	-0.34889
-2.53877 	-0.04094
0.31817 	-0.61983
-1.13303 	-0.53551
-0.91110 	1.81206
-2.13186 	-1.16054
0.05977 	0.74252
-1.49144 	0.21678
-2.08396 	-1.25543
-0.00848 	-0.84529
-1.16753 	0.54150
-0.17705 	0.62191
-0.27269 	-0.55058
-0.43041 	0.28985
-2.71336 	-0.64246
-2.13846 	-0.41096
-0.88678 	0.48085
-2.22606 	-1.03149
-0.45980 	0.72567
-1.24475 	0.60547
-1.01229 	-0.69881
-0.53805 	0.31001
0.22455 	-0.90661
-1.52199 	0.95307
-1.03304 	0.25234
-0.84290 	0.07259
0.92383 	1.55404
-1.68215 	0.11472
0.12033 	-0.05099
-1.74056 	-1.79279
-1.70438 	0.88376
-0.26404 	-0.51681
0.29891 	1.01909
-0.13028 	-1.11543
-1.02300 	0.94105
0.87760 	0.41918
-1.20298 	0.73932
-17.45553 	-3.51886
-0.74079 	-1.00002
-0.57090 	-0.04297
-0.04818 	-1.28428
-1.41878 	1.57689
-1.60691 	-0.73546
-1.21737 	0.34642
-0.84543 	-0.73699
1.16996 	-1.14527
-0.03181 	1.94300
0.28107 	-2.04806
-0.75877 	-0.82781
0.61204 	-0.59948
-2.11390 	0.05542
-1.06355 	0.15141
-1.79180 	0.25946
-0.33275 	-1.45721
1.39434 	0.90339
-1.68613 	0.54593
0.28037 	1.34575
0.12846 	-0.72117
0.45337 	-1.45684
1.15768 	0.35069
1.21077 	-0.31944
-1.97547 	1.27011
-0.59083 	0.96259
0.06332 	-0.11636
-0.60597 	-0.13010
-0.75747 	-0.82382
-0.10682 	0.04859
-0.08361 	-0.61793
-0.72385 	-0.76639
-1.34866 	0.02457
-0.09751 	-0.95966
-0.25286 	0.68458
-1.65876 	-0.57385
-0.09322 	-0.01778
-1.10984 	0.00745
1.74162 	-0.47212
-1.77451 	0.86494
-1.07998 	0.02281
-0.97860 	-0.18878
-1.08842 	-1.42194
0.33851 	-1.16989
-1.21832 	-0.15314
-0.64480 	2.34576
-0.97053 	0.20590
0.45761 	-1.15268
0.30354 	0.53238
-0.39998 	0.12921
-1.71983 	-0.43465
-1.71496 	0.22213
-1.29716 	-0.38892
-1.72071 	2.36788
-1.53845 	0.04086
0.20602 	-1.27558
-1.80234 	0.28822
-0.37942 	-1.28927
1.39541 	-1.51573
-2.38336 	0.08877
-1.73111 	0.19523
-1.17691 	0.61460
-0.68634 	0.33762
-0.66473 	-0.82565
-0.91379 	0.22922
0.89059 	0.01024
0.32478 	0.06074
-0.08591 	0.53449
0.15216 	0.22778
-0.43512 	0.19383
-0.68899 	0.55736
-0.93124 	-0.70713
-1.06601 	0.95115
-1.57273 	-0.39170
-0.65033 	0.50859
-0.91377 	0.83595
-1.91598 	1.21859
-0.21287 	-0.25588
-0.31609 	-0.19335
-1.13082 	-0.59285
-2.06629 	-0.52380
-0.41276 	0.79607
0.50742 	-0.66565
0.01603 	-1.18451
-1.76867 	-0.01369
-1.11322 	0.05593
-0.52526 	-1.48126
-0.17324 	1.13100
-1.46605 	1.22203
-0.26472 	0.05666
0.20686 	0.13342
-1.35307 	1.56636
-0.64544 	-0.07857
-0.45378 	1.20109
-0.22595 	-0.28318
0.50411 	0.16167
-0.62502 	-0.60610
-2.10028 	-0.65141
-1.78183 	-0.27251
-2.38481 	1.33384
-0.70921 	0.57522
0.15581 	0.03659
-1.03237 	-0.82985
-1.24068 	0.55324
-2.92908 	-0.33159
-0.39199 	0.86516
-1.92715 	0.66959
-1.99069 	0.92845
-1.55918 	2.06019
-0.89894 	1.71256
-1.82228 	2.35169
-2.95074 	2.32300
-3.05594 	2.63901
-8.62791 	3.69972
-22.31106 	12.17845
21.07390 	-11.73748
7.19503 	-4.35194
3.89818 	-1.79816
3.09335 	-1.94605
2.87715 	-0.02166
2.74971 	-1.35319
1.70088 	-2.18527
2.23140 	-2.04111
0.78062 	1.35497
0.30062 	0.07753
0.72088 	-1.26568
-0.26477 	0.23157
0.81175 	-1.31371
0.56160 	-0.55144
-0.12231 	0.37931
-1.12482 	0.59146
-0.31213 	0.93235
-0.59132 	0.20331
0.07501 	0.33239
0.48052 	0.14664
0.95546 	-0.38211
0.84922 	-1.89906
-0.12835 	-0.92043
-0.05511 	1.50582
-1.43403 	0.18800
0.01172 	0.65401
-1.05346 	-1.32750
1.60925 	2.12643
-0.50677 	-1.25457
-1.01997 	0.79100
0.56462 	0.35689
-0.95280 	-1.11810
-0.79208 	0.55208
-0.77776 	1.03303
0.43535 	-1.51568
0.39889 	-0.27212
0.99162 	0.73763
0.39675 	0.86371
0.78352 	0.22028
0.62546 	-0.80934
-0.00477 	-1.23456
-0.90624 	-0.98990
-0.25917 	-1.42128
-0.85750 	0.09002
-0.12195 	0.47078
-1.30658 	0.44528
0.65015 	0.46092
0.06653 	0.79624
1.83343 	0.31875
-1.21434 	0.77988
0.12196 	0.27484
-0.95581 	-2.22861
-0.22905 	-0.20745
-0.25417 	-1.37579
0.64018 	-0.73131
-1.32687 	0.53863
-1.74399 	-0.98061
0.53673 	1.74747
-1.03065 	-0.26818
-0.12430 	0.12777
0.65471 	-0.60448
-0.74324 	0.27484
-0.70567 	1.96462
0.22062 	0.33112
1.09086 	-0.04889
-2.45555 	0.12114
0.65499 	-0.77167
-0.14873 	-0.56439
0.35290 	-0.14124
-0.66770 	1.39903
0.61768 	0.07390
-0.16912 	0.34824
-1.08230 	-2.23185
-0.28686 	1.34459
0.83697 	0.14599
1.47507 	0.94175
0.99435 	-0.68593
-0.01589 	1.31070
0.45219 	-1.41627
-1.37723 	-0.94990
0.89194 	-0.92420
0.54520 	-0.15573
-1.06518 	0.99386
1.38905 	-0.29375
1.29143 	-1.34850
0.45430 	-1.09726
-0.12616 	0.07570
1.28411 	-0.61747
-0.80016 	-0.56302
-0.63128 	-0.27479
0.84735 	0.42564
-1.26371 	0.17721
0.78942 	0.22115
0.11647 	-0.87918
0.34793 	-0.96110
-0.01172 	-2.53697
0.61452 	-1.55390
-2.26022 	0.25681
-0.20590 	-0.12287
1.73721 	-0.47483
0.84905 	0.20710
-0.78790 	-0.36285
-0.38323 	-1.09398
0.51304 	0.17416
-0.44105 	-0.22956
0.66374 	-1.45742
-2.11727 	-0.32137
-0.80845 	0.28469
0.17586 	1.07674
0.93860 	-0.68828
-1.51908 	-0.39168
-0.48511 	-0.58099
-2.17937 	-0.19830
-0.79670 	0.04621
-0.84553 	-0.64532
-0.03238 	0.44494
1.01491 	-0.06828
-0.30446 	0.65374
-1.86162 	2.25307
0.00338 	-0.12638
-0.72801 	0.04488
0.82075 	-0.07485
0.75982 	-0.46236
-0.38360 	-1.11932
0.72541 	0.55039
-0.33597 	-0.86319
0.01081 	-0.11425
-0.42397 	-0.22875
0.05186 	-0.16461
-1.03462 	-0.22005
1.48817 	-0.86171
-1.01164 	-0.18880
0.93841 	-0.60420
0.53904 	-0.43227
0.21322 	0.29705
-0.21470 	0.02324
-0.74882 	0.42465
-0.76359 	-0.17166
0.27449 	-0.21608
-2.10419 	-0.10278
-1.06601 	-0.73839
-2.08221 	-0.52650
-0.67179 	0.46695
0.01743 	-0.73354
-0.97025 	-0.73118
0.12725 	0.03219
-0.93287 	1.15954
0.27686 	0.11647
-0.38603 	-1.00748
-1.73022 	-0.72082
-0.04026 	-0.33025
-1.72111 	0.70097
-1.76354 	-0.43085
-1.08822 	-0.54193
-0.05630 	0.66801
-0.61021 	-0.16665
-0.12768 	0.58675
-1.42406 	-0.07305
-0.77442 	0.97472
-0.10813 	0.22313
0.37581 	1.53032
-0.46984 	-1.65977
-1.16313 	1.17708
-1.40446 	0.84742
-2.04971 	-0.90892
-0.79707 	1.70466
-0.19011 	-0.10552
0.53626 	-1.21153
0.12667 	0.08662
-1.33539 	-1.05201
0.42750 	0.03350
0.37985 	-0.82754
-1.65665 	-0.66090
0.30394 	0.86734
0.47337 	-0.22726
0.30554 	0.40962
-0.35105 	-0.44682
0.96314 	-1.02481
0.37685 	0.21448
0.00671 	-0.44295
-1.36671 	0.94696
-0.91431 	0.32095
-0.33023 	-1.55577
-0.54939 	-0.00843
-0.58442 	0.11439
-0.29541 	0.35600
0.54321 	-0.48910
-1.36404 	0.00327
-1.09295 	0.80128
-0.50735 	0.49130
0.79930 	0.64600
0.66540 	0.53061
1.02535 	-1.40823
0.63624 	1.14163
0.44392 	-0.01434
0.70972 	0.25422
0.14401 	0.46805
0.36443 	-0.58323
-2.02319 	-1.11418
-1.24138 	0.18574
-0.94827 	-0.92421
-0.69703 	0.14624
-1.63317 	-0.29667
-0.69477 	-0.56761
-1.37607 	2.14576
0.21225 	0.41425
-0.08327 	1.56957
-0.54998 	0.10601
0.28411 	0.84945
-1.45669 	-0.17648
-0.74674 	-1.04057
0.84498 	-0.13594
0.98917 	0.98272
0.55426 	-1.57149
0.17754 	0.98176
-2.31738 	-0.56884
-1.86593 	-0.61433
-0.48959 	0.01922
-0.42977 	0.30534
-0.88011 	-1.36581
-0.85320 	-2.56827
-0.64392 	0.84366
-0.82495 	0.40361
1.52888 	-0.84483
-0.18199 	1.92421
0.24517 	0.67029
0.08681 	-1.29248
-0.28885 	-1.57216
-0.05007 	-0.36141
0.18465 	0.98927
-0.79242 	-0.94946
-0.75272 	1.44741
-1.33776 	-0.21413
-0.44014 	0.04920
-1.46031 	1.31488
-0.84976 	-0.95633
-0.52852 	0.47782
-0.67463 	0.17509
0.46933 	-0.57906
-0.43244 	0.69735
-0.82403 	-0.99022
0.39575 	-1.09075
-0.75781 	-0.30587
-0.52507 	-0.83162
0.73014 	-0.06106
-0.85645 	0.97697
-1.79106 	0.23731
-1.48846 	-0.42780
-0.38400 	0.31491
-0.79669 	-0.94171
-1.08047 	-0.53957
-0.14905 	-1.38724
-0.10370 	-0.12340
-0.83907 	-0.05131
-0.73124 	0.33028
-0.74430 	-0.12852
-0.45992 	-0.76524
0.11162 	-0.61532
-0.15203 	-1.02615
-1.07331 	-2.50549
-1.84898 	-0.24276
-1.30456 	-0.47374
-0.75609 	0.44497
-1.60142 	0.57765
-0.26585 	1.81083
0.40942 	0.71915
-0.46776 	-0.26477
-2.03646 	-1.53261
0.69453 	-0.81369
-1.18053 	0.01024
-1.00831 	-1.29377
-1.03319 	1.05931
-0.52302 	-1.44311
0.24778 	-0.05669
-0.18494 	-0.76794
-0.32843 	-0.65517
0.09503 	-0.17818
0.01978 	-0.32321
-1.08072 	-1.89035
-1.02937 	-0.68758
-0.48633 	-0.65075
-1.75985 	-1.88171
0.28649 	0.14627
-0.68394 	-0.82725
-1.06339 	0.93837
1.53139 	0.04257
-0.80193 	0.07362
0.20977 	-0.97038
1.25864 	-1.46549
-0.26184 	0.16186
0.65672 	0.23562
-1.06944 	0.64491
-2.05172 	0.74989
-0.78422 	-0.24731
0.21879 	1.66820
-0.67413 	1.03805
-0.83996 	-0.80483
1.19994 	-0.48153
-0.16252 	0.70578
-0.40347 	0.66183
-1.00457 	-1.29418
-0.61151 	-0.01772
0.41024 	-1.55633
-0.43281 	0.01931
-0.31016 	-1.08317
-0.34595 	-0.87223
-0.37566 	0.55006
-0.99420 	-0.27688
-2.53754 	-0.09718
-0.87660 	0.63032
0.97425 	-0.54754
-1.91779 	1.19159
-0.89204 	-1.04537
0.44438 	0.01388
-1.05365 	-1.55192
-0.07485 	-0.01837
-1.28627 	0.73819
0.13806 	-0.37069
0.99814 	1.03274
0.19420 	1.07336
-3.21083 	-2.28379
-1.16528 	-1.05246
-0.52790 	1.88267
-1.88422 	0.12185
0.47545 	-1.79842
0.01478 	0.11187
0.21068 	-0.18609
-0.12668 	1.68092
-0.69707 	-0.91125
-0.98884 	1.04417
-1.19106 	-1.00114
-0.35788 	0.84144
-0.44840 	-0.23315
-0.65228 	-0.99281
-1.83116 	-0.33381
-0.20268 	0.57728
-1.54623 	-0.41033
-0.47823 	1.04281
-0.82544 	0.67740
-0.55001 	-0.41509
-1.03784 	-1.17321
0.99556 	1.40031
-3.61294 	-1.08286
-0.80482 	-1.20991
-0.30722 	0.12230
-0.73318 	0.12564
-0.55573 	-1.73375
-2.40828 	-0.04810
0.69964 	0.99515
-0.48953 	1.08297
0.85190 	-0.46651
-1.70474 	-0.67329
0.52509 	1.76337
-2.08358 	0.05800
-2.19238 	-1.08730
-2.89144 	-0.15836
-1.58148 	0.45567
-1.20637 	0.44375
-0.24350 	-1.16297
-0.63296 	-0.44006
-0.65697 	-0.56905
-2.21309 	-0.04751
0.24354 	-0.49971
0.11719 	-0.57209
-0.68546 	0.30771
-0.94269 	0.46681
-1.28088 	-0.95793
0.44023 	-0.28794
-0.22698 	-0.10007
-0.39638 	0.00818
2.25285 	0.01794
-0.73001 	0.45556
-1.00026 	-0.20855
-1.33472 	-0.19995
0.03586 	-1.15396
-0.57976 	-0.69450
-0.37400 	-0.58619
-1.72956 	2.08808
1.45251 	-1.67325
-0.65993 	-1.02423
-0.29064 	-0.58434
0.00248 	1.18487
-0.58827 	0.16674
-0.06543 	-0.96629
-0.42725 	-0.66017
-2.78198 	0.38807
-1.69104 	0.96840
0.01089 	1.09940
-0.25263 	0.53182
1.29496 	0.75927
-0.50787 	-0.51111
0.59439 	0.07718
0.17508 	0.23872
-1.78366 	0.97480
-2.41072 	-0.12960
0.19994 	0.54722
-0.17369 	-0.01768
-1.91559 	0.36980
-2.25830 	-1.56165
0.33281 	-0.44219
0.17866 	-0.60125
-2.28850 	0.02792
0.97452 	0.30179
-1.12731 	0.86408
-0.14720 	-0.72142
-1.28157 	-0.03492
-1.29095 	0.49719
-3.22359 	1.42871
1.13180 	-1.44841
-2.36851 	0.96927
-1.97215 	0.33619
-1.32632 	0.36782
-0.14801 	0.04226
-1.00570 	-0.19243
-1.05083 	-1.48203
-1.08667 	1.35160
0.10743 	0.62907
-2.41240 	0.12566
0.45980 	0.59193
-1.32144 	-1.54894
-0.90608 	-0.49383
-1.99225 	-1.35040
-2.30899 	0.16619
-1.10455 	1.24514
-0.08267 	-0.02265
-0.62720 	-1.19792
-2.65838 	-0.86649
-0.54168 	0.13443
-1.61749 	-0.20599
0.14163 	-0.00957
-0.63288 	0.83609
0.29159 	0.25112
-1.29880 	0.70289
-1.71878 	-0.32906
-0.76938 	-0.24421
-0.32499 	-0.50886
-0.92449 	-0.80057
-0.63397 	1.17889
1.02966 	0.08580
-0.65602 	0.00477
-2.07227 	-1.05924
-0.55868 	0.62982
-1.47010 	-0.23349
-1.58773 	0.96570
0.61269 	-0.44198
-1.03009 	1.14285
-0.96690 	0.60985
-0.89392 	-0.26715
0.69709 	0.17608
-0.41350 	0.28178
0.08944 	-0.42017
1.05113 	0.45162
-0.69811 	-0.71719
-0.99366 	-0.96999
-0.71469 	0.81567
-0.82538 	0.21835
-0.62909 	-1.32015
-1.88354 	-1.19786
-2.06774 	0.37572
-1.46071 	0.44753
-1.47634 	0.87751
-1.24731 	0.28507
-0.65136 	0.09915
-0.94588 	0.14937
-1.30300 	-0.12044
-1.91242 	0.21927
-2.09737 	-0.19407
-0.88757 	1.60296
-2.07548 	0.87471
-0.85846 	-1.72820
-1.14416 	0.02861
-2.14233 	0.75103
-0.26343 	-0.44205
0.85171 	1.04881
-1.21981 	0.04081
-1.67137 	-2.06665
-1.70560 	-0.24801
-0.79345 	0.76716
-1.38394 	1.16162
-1.27916 	1.02841
-0.39070 	0.22704
-0.43122 	-0.10390
-1.45566 	-1.38981
-0.51300 	0.77061
-2.14831 	-0.98810
-1.37768 	-1.36856
-2.53173 	-0.22351
-0.73018 	-0.91529
-0.94414 	-2.27039
-1.75769 	0.50590
-1.66802 	-0.56811
-0.99299 	-0.25528
-0.93255 	-0.44822
-0.63754 	-0.51518
0.35862 	0.51647
-0.89026 	0.73108
-1.39713 	-0.59925
-1.02486 	0.41928
-0.10117 	-0.49471
-2.05468 	-0.07882
-1.30315 	-1.49439
-0.88406 	0.06631
-0.10151 	-0.79809
-0.83916 	0.08286
-0.08142 	0.50463
-2.21179 	-1.45760
-0.29259 	0.03499
-2.88452 	1.33762
-0.46271 	-0.02208
-2.59397 	-1.06211
1.75557 	1.04064
-1.97342 	-0.79588
-0.41503 	-1.35079
-0.11379 	-0.36584
-0.80963 	-0.88390
-0.43502 	0.39670
-1.29608 	1.42209
-1.46260 	-1.15703
-2.63090 	-0.08140
-2.39354 	0.94616
-1.21703 	-0.42339
-0.33290 	0.23737
-1.37604 	0.90098
-0.45501 	0.41142
-1.26990 	1.83386
-1.77795 	-0.04705
-3.08167 	0.26376
-2.16686 	-0.92958
-1.85458 	0.70112
-1.19566 	-1.26012
-1.62756 	0.28305
-0.13786 	-0.28626
-1.78177 	-1.76378
-1.65783 	1.13854
-1.04834 	0.54359
-2.51798 	-1.04845
-1.57272 	0.28714
-2.32061 	0.42526
-0.40274 	-1.65560
-0.69863 	-1.09773
1.31677 	-0.24541
-0.63302 	0.19023
0.52713 	1.30193
-2.05479 	0.31649
-1.46472 	-0.10594
-1.66631 	0.12542
-3.15453 	-0.82858
-1.07915 	0.81709
-0.63141 	-1.26078
-3.76967 	-0.52577
-0.84574 	0.03431
-2.02049 	2.03905
0.02372 	-0.76022
-1.17914 	-2.57496
-1.69869 	-2.04956
-1.40517 	0.22635
-1.58196 	0.13077
-2.86527 	0.30705
-2.09299 	-1.41093
-1.00596 	0.39447
-0.85573 	-0.83939
-1.82480 	-0.84143
0.11896 	-0.45109
0.13643 	-1.47815
-1.56787 	0.17742
-0.93413 	-1.11429
-1.78253 	0.09442
-2.92594 	-1.54437
-1.53395 	0.77505
-2.34610 	-1.31976
-1.14137 	0.84418
0.64909 	-0.05971
-1.66488 	-0.58344
-2.54483 	-0.87205
-2.83638 	-1.92168
-1.39848 	0.78400
-0.94917 	0.07351
-0.52867 	0.96998
0.04218 	0.61202
-0.15904 	-0.76075
-1.24472 	-0.69089
-2.66059 	-0.43177
-1.61976 	-0.41247
-1.35253 	-0.17213
0.12157 	-0.55924
-2.77498 	-0.95026
-1.74950 	-1.24758
-2.80343 	-2.30728
-0.72637 	0.18596
-1.63261 	0.41867
-1.38941 	0.92761
-1.26038 	0.27330
-1.73018 	-0.53270
-1.72356 	0.33191
-1.59011 	0.77527
-2.38351 	-0.05919
-1.40797 	-2.36489
-0.72036 	-1.04195
-3.65941 	0.27128
-1.62947 	0.38246
-2.57816 	-0.38120
-1.76350 	-1.73316
-2.17986 	-0.78145
-3.15237 	-0.10376
-2.95520 	0.05372
-0.99568 	-0.98838
-2.74167 	-0.12295
-0.18141 	-0.08366
-2.06251 	0.29756
0.27192 	-1.57293
-2.34528 	-0.62756
-2.84565 	-0.20738
-1.47446 	-1.68439
-1.78686 	0.50008
-1.12007 	-0.47211
-2.79197 	-1.19819
-1.44610 	-1.39810
-2.27810 	-1.20454
-1.27036 	-0.15392
-2.03803 	-0.77041
-1.60225 	0.23717
0.06871 	-0.76689
-2.98967 	-0.77202
-4.03262 	0.98642
-1.44542 	-0.91778
-2.80612 	0.42321
-3.07996 	0.03134
-2.52918 	-0.32845
-4.36808 	0.78156
-2.86472 	-0.14223
-3.62624 	0.09723
-1.78898 	-0.93467
-3.29966 	-0.42088
-2.08796 	-0.11278
-1.71950 	-0.66873
-4.29738 	-0.83574
-2.59666 	-0.17813
-2.42768 	-0.28271
-4.52410 	-0.69028
-1.73720 	-1.95034
-2.52650 	0.03039
-3.78421 	0.08940
-2.60433 	0.26248
-1.65403 	0.05090
-4.73307 	-1.00308
-3.20010 	-0.59603
-2.53863 	0.26056
-2.50506 	-0.93695
-2.70110 	-1.45347
-1.57863 	-1.08536
-3.63432 	0.77667
-2.52115 	0.20192
-2.38328 	0.03756
-0.79950 	-0.44223
-1.27723 	-0.80778
-1.79161 	-1.16532
-3.17598 	-1.06014
-2.14918 	0.25046
-2.42658 	-0.12789
-3.04177 	-0.00437
-4.56254 	0.84760
-5.37834 	0.65520
-2.91716 	-1.29244
-3.92798 	0.00889
-3.56813 	1.01811
-3.93741 	-0.98448
-2.63087 	0.57987
-2.71327 	-0.84639
-1.74539 	-0.59176
-3.53561 	1.34498
-3.16244 	1.85504
-2.94954 	-0.32064
-3.02045 	-0.15760
-4.10235 	-1.97500
-3.57608 	-2.12494
-2.68748 	-0.79629
-2.34029 	0.75265
-4.42275 	1.19888
-2.95886 	-1.22679
-3.17195 	-0.74025
-4.11510 	0.00764
-3.80157 	0.14561
-3.12563 	-0.16973
-4.44904 	-1.23007
-4.45171 	-0.57575
-3.41315 	0.28176
-4.63560 	-0.95221
-4.76847 	0.39322
-4.30944 	0.23071
-4.25475 	-0.98598
-3.66679 	-0.20025
-5.90616 	0.01818
-2.13682 	-1.69544
-3.49757 	-1.02686
-5.19562 	-1.43846
-5.31236 	-0.56234
-4.51348 	-1.02207
-4.76130 	-0.38099
-5.40065 	0.08693
-5.14955 	-0.01453
-4.16358 	-1.78454
-3.67632 	-0.13402
-4.39935 	-0.63339
-4.17133 	0.62186
-4.42903 	-1.02482
-4.00529 	-1.05655
-4.62445 	-0.41704
-6.11115 	0.70728
-4.45759 	-0.75262
-5.16853 	1.43886
-6.87663 	-0.90040
-5.69920 	-0.72875
-5.81773 	-0.09235
-7.13168 	-0.41494
-7.19804 	-2.06200
-5.59725 	0.11885
-6.78151 	-0.00425
-5.68909 	-0.17455
-5.99117 	-0.02923
-7.02968 	-0.57361
-6.88964 	1.20387
-5.75865 	0.92526
-7.31299 	-1.23040
-7.73824 	-0.97741
-6.02931 	0.38501
-8.13404 	-1.22822
-6.19148 	-0.47589
-9.10697 	-0.84166
-7.67007 	1.08042
-9.18787 	-0.98293
-6.97335 	-1.16510
-8.02005 	-1.31938
-8.38494 	0.41575
-7.11726 	0.29194
-8.59187 	-0.31667
-10.61063 	-1.03157
-9.16521 	-0.75323
-9.82867 	-0.00461
-9.17878 	-0.84557
-10.74213 	-0.06961
-10.34038 	-0.30153
-11.06584 	-1.01307
-9.62872 	-0.61743
-10.27798 	-0.71814
-9.91426 	-1.32280
-12.03222 	-1.82194
-9.39675 	0.99470
-12.56294 	-0.39087
-11.66477 	0.22418
-10.94995 	-0.48780
-12.83745 	0.94374
-12.93104 	-0.96940
-13.89225 	-0.39012
-13.42631 	1.70312
-14.35735 	-2.26640
-13.11610 	-1.15380
-15.11686 	-0.66610
-14.49787 	-2.62691
-16.17523 	-1.96446
-15.83449 	-0.57434
-17.10328 	-1.09479
-15.54237 	-2.75099
-17.21728 	-0.83656
-17.97443 	-0.77423
-18.72577 	-2.51717
-19.73337 	-1.06147
-20.99728 	0.31096
-19.93211 	-0.32207
-21.66252 	-1.57296
-22.69641 	-1.50740
-24.14208 	-1.71480
-25.75460 	-1.31214
-27.18385 	-1.47005
-27.54561 	-0.14022
-28.13000 	-0.42840
-30.95306 	-0.72583
-34.89304 	-2.60003
-35.19806 	0.16379
-36.76789 	-1.71172
-39.28201 	-2.65902
-41.54036 	-1.05724
-45.12428 	-0.88932
-49.38979 	-3.03174
-54.46741 	-2.85620
-60.21077 	-2.84003
-67.45867 	-4.70325
-72.56267 	-3.87003
-83.55383 	-2.50591
-96.40918 	-2.83120
-116.03550 	-6.41086
-141.36150 	-5.13620
-182.55914 	-8.22252
-256.13489 	-10.51547
-425.77692 	-18.23323
-1264.13306 	-51.76058
1339.96729 	56.39521
440.30133 	17.79644
263.89377 	10.83849
189.21748 	5.94770
147.83516 	5.90892
122.19912 	4.53369
104.01825 	3.47552
88.50381 	3.42153
78.69077 	4.30886
71.69019 	1.65469
65.67943 	2.25454
61.29499 	2.59526
54.95058 	1.05554
51.50139 	2.37264
48.50114 	1.31887
44.49018 	1.80219
40.69987 	0.67186
39.25402 	0.69204
39.48472 	2.14492
35.90236 	0.97600
36.14237 	0.96799
33.85375 	2.21321
32.08607 	2.34911
29.43757 	0.49634
28.62774 	0.70601
28.95460 	0.60752
28.02265 	1.04439
27.43783 	1.07770
27.43946 	1.59066
26.90940 	2.84497
24.78415 	1.35606
25.61409 	-0.21069
24.33602 	0.16101
23.52897 	0.24006
22.40325 	0.32315
20.93714 	0.09747
22.50137 	-0.11926
21.30045 	0.57691
21.52871 	1.13042
19.98758 	1.56293
19.68623 	1.00352
18.58423 	0.50355
17.68621 	1.35859
18.56503 	0.52493
18.43850 	0.24269
17.44334 	0.71525
17.29139 	0.49723
17.07709 	-0.57055
15.84352 	-0.06040
15.74497 	0.94280
16.57317 	1.52157
17.65217 	1.29108
16.16987 	-0.48183
15.26941 	1.93292
14.66565 	1.00329
15.49757 	2.06935
15.82542 	-0.23305
15.29547 	1.37466
14.73728 	0.48035
13.85163 	2.02883
13.98715 	-0.37461
14.17898 	1.10631
14.07070 	-1.16134
13.23353 	0.46723
14.63439 	0.73521
13.07390 	-0.07924
15.34754 	-0.22548
12.22162 	1.59732
14.23461 	0.77743
12.43966 	1.01231
13.74011 	-0.07105
13.40626 	0.54802
13.77443 	0.75533
13.64390 	0.35070
12.69881 	-1.16861
12.57910 	-0.19707
14.24240 	-0.83828
13.34100 	0.30246
11.97029 	-0.10981
13.73896 	-0.84425
11.55423 	0.96876
12.20564 	0.75838
12.59804 	1.86808
11.97071 	0.49111
11.58535 	-1.23662
12.90706 	-0.36904
12.51123 	-1.29289
12.07668 	-0.87301
11.08348 	-1.34866
12.32196 	0.93865
12.32285 	0.49961
12.20246 	0.39312
12.36337 	-1.37352
10.57207 	-0.61640
9.66806 	-0.42006
10.79123 	-0.20933
12.04767 	0.30433
12.32879 	1.46291
10.32438 	0.30933
11.92608 	-0.02420
11.14198 	1.27959
11.01719 	-2.04816
11.90494 	0.64514
11.29994 	1.33946
12.21080 	0.41095
11.18515 	1.03455
10.27935 	-0.01322
10.95137 	-0.09883
11.78124 	3.52515
10.75361 	1.26141
9.67314 	-0.40917
10.97400 	-0.24941
11.12159 	-1.53374
11.79568 	-0.14983
